nbCamions 747
Id_truck Number_of_suppliers Supplier_code
0 1 7
1 1 15
2 2 66 42
3 4 72 47 48 23
4 1 56
5 1 7
6 1 7
7 1 31
8 1 16
9 1 7
10 1 16
11 1 6
12 4 51 44 65 45
13 1 58
14 4 68 74 63 87
15 1 17
16 2 66 42
17 1 88
18 1 58
19 1 17
20 1 20
21 1 75
22 2 66 42
23 2 13 21
24 2 16 32
25 1 58
26 1 75
27 1 64
28 2 13 21
29 4 11 13 18 21
30 1 16
31 2 30 4
32 1 16
33 1 7
34 3 54 70 39
35 2 30 4
36 1 58
37 2 41 31
38 3 51 44 65
39 1 6
40 1 15
41 2 28 27
42 1 58
43 3 1 26 24
44 1 16
45 1 17
46 1 62
47 4 51 44 65 45
48 1 6
49 1 75
50 1 17
51 1 44
52 3 54 70 39
53 3 76 25 2
54 1 58
55 2 52 33
56 3 1 26 24
57 1 58
58 2 28 27
59 4 91 57 90 89
60 2 13 21
61 2 66 42
62 4 11 13 18 21
63 4 51 44 65 45
64 4 51 44 65 45
65 1 88
66 1 88
67 2 35 29
68 4 51 44 65 45
69 1 88
70 2 41 31
71 3 22 12 81
72 2 30 4
73 1 17
74 1 45
75 1 62
76 1 75
77 1 17
78 2 30 4
79 2 16 32
80 1 7
81 1 17
82 1 75
83 1 16
84 3 54 70 39
85 1 16
86 3 54 70 39
87 1 17
88 1 58
89 1 56
90 1 16
91 2 28 27
92 2 30 4
93 4 72 47 48 23
94 2 5 83
95 2 66 42
96 2 66 42
97 1 16
98 1 56
99 1 58
100 4 11 13 18 21
101 1 6
102 1 88
103 1 15
104 1 6
105 2 30 4
106 1 64
107 3 54 70 39
108 4 51 44 65 45
109 1 16
110 2 20 56
111 1 62
112 1 17
113 1 88
114 1 75
115 2 28 27
116 2 52 33
117 2 30 4
118 1 16
119 1 16
120 1 17
121 2 30 4
122 2 19 80
123 2 66 42
124 2 52 33
125 1 17
126 1 7
127 2 52 33
128 2 66 42
129 1 73
130 2 30 4
131 1 7
132 2 20 56
133 2 66 42
134 1 15
135 1 56
136 2 30 4
137 3 22 12 81
138 2 13 21
139 1 17
140 2 52 33
141 1 15
142 2 19 80
143 4 61 20 56 60
144 1 75
145 1 7
146 2 19 80
147 1 17
148 4 91 57 90 89
149 1 17
150 1 75
151 3 54 70 39
152 2 66 42
153 2 20 56
154 2 28 27
155 1 58
156 1 77
157 1 7
158 1 7
159 1 75
160 2 35 29
161 1 88
162 1 45
163 4 91 57 90 89
164 1 88
165 1 88
166 2 66 42
167 2 3 15
168 1 64
169 1 15
170 4 61 67 49 60
171 3 68 74 63
172 3 1 26 24
173 1 15
174 2 30 4
175 4 51 44 65 45
176 2 40 37
177 1 16
178 1 64
179 2 13 21
180 2 68 74
181 1 6
182 1 20
183 1 88
184 1 31
185 1 7
186 1 62
187 2 58 77
188 4 68 74 63 87
189 2 52 33
190 3 76 25 2
191 1 7
192 1 15
193 1 16
194 2 66 42
195 1 17
196 1 88
197 1 88
198 2 52 33
199 3 57 89 90
200 2 66 42
201 2 20 49
202 1 58
203 3 76 25 2
204 4 11 13 18 21
205 4 68 74 63 87
206 3 57 89 90
207 2 3 15
208 1 15
209 1 58
210 1 7
211 2 5 83
212 1 31
213 3 68 74 63
214 2 35 29
215 1 64
216 3 76 25 2
217 2 19 80
218 1 16
219 4 72 47 48 23
220 3 22 12 81
221 1 6
222 1 15
223 1 15
224 2 5 83
225 1 88
226 1 88
227 4 72 47 48 23
228 1 88
229 1 75
230 4 72 47 48 23
231 4 11 13 18 21
232 2 20 56
233 3 54 70 39
234 4 51 44 65 45
235 3 76 25 2
236 3 54 70 39
237 2 41 31
238 1 64
239 1 64
240 1 56
241 1 88
242 4 61 20 56 60
243 1 88
244 2 35 29
245 2 35 29
246 4 91 57 90 89
247 1 58
248 1 31
249 1 64
250 1 16
251 2 66 42
252 1 16
253 3 73 50 85
254 4 51 44 65 45
255 3 76 25 2
256 1 31
257 1 7
258 2 19 80
259 1 7
260 1 75
261 2 3 15
262 1 88
263 1 15
264 1 17
265 2 28 27
266 4 51 44 65 45
267 2 3 15
268 1 15
269 1 58
270 1 16
271 2 13 21
272 1 7
273 2 35 29
274 1 75
275 3 57 89 90
276 4 91 57 90 89
277 3 1 26 24
278 1 6
279 1 15
280 1 75
281 2 35 29
282 2 66 42
283 3 1 26 24
284 1 17
285 2 41 31
286 2 66 42
287 1 75
288 3 76 25 2
289 3 76 25 2
290 1 15
291 3 57 89 90
292 1 58
293 4 68 74 63 87
294 1 88
295 1 88
296 1 58
297 1 7
298 1 31
299 1 75
300 1 7
301 2 19 80
302 2 20 49
303 2 40 37
304 4 72 47 48 23
305 1 16
306 2 16 32
307 1 88
308 1 17
309 1 88
310 1 75
311 1 6
312 1 6
313 3 73 50 85
314 2 28 27
315 1 73
316 4 51 44 65 45
317 1 73
318 1 15
319 2 16 32
320 1 16
321 1 15
322 1 16
323 1 15
324 2 66 42
325 1 7
326 1 17
327 3 54 70 39
328 1 45
329 2 5 83
330 1 88
331 1 17
332 3 73 50 85
333 2 19 80
334 4 72 47 48 23
335 3 22 12 81
336 1 75
337 1 15
338 3 76 25 2
339 1 16
340 4 51 44 65 45
341 1 15
342 2 19 80
343 1 75
344 1 15
345 2 52 33
346 1 88
347 1 88
348 2 47 5
349 1 75
350 1 7
351 1 7
352 1 73
353 3 22 12 81
354 1 88
355 1 17
356 1 16
357 3 22 12 81
358 1 88
359 1 75
360 1 16
361 2 16 32
362 1 88
363 1 7
364 1 73
365 2 66 42
366 1 75
367 2 28 27
368 3 73 50 85
369 1 7
370 1 88
371 1 88
372 1 75
373 1 64
374 3 73 50 85
375 1 7
376 2 47 5
377 2 66 42
378 2 58 77
379 1 75
380 4 72 47 48 23
381 4 72 47 48 23
382 3 22 12 81
383 3 54 70 39
384 2 35 29
385 1 88
386 1 45
387 1 31
388 1 88
389 1 16
390 1 7
391 4 72 47 48 23
392 1 58
393 1 75
394 1 75
395 2 20 49
396 2 47 5
397 1 15
398 3 54 70 39
399 1 15
400 1 77
401 3 68 74 63
402 2 20 49
403 1 7
404 4 51 44 65 45
405 2 35 29
406 1 62
407 1 17
408 1 75
409 1 64
410 1 45
411 1 64
412 1 15
413 1 7
414 1 31
415 4 72 47 48 23
416 3 54 70 39
417 1 15
418 4 61 20 56 60
419 1 15
420 2 3 15
421 3 22 12 81
422 2 19 80
423 2 58 77
424 2 28 27
425 1 17
426 1 64
427 1 58
428 3 73 50 85
429 2 89 90
430 1 16
431 1 20
432 2 28 27
433 4 61 67 49 60
434 1 64
435 1 88
436 3 68 74 63
437 3 68 74 63
438 1 73
439 1 58
440 1 75
441 2 58 77
442 3 54 70 39
443 2 66 42
444 1 75
445 2 52 33
446 2 40 37
447 2 47 5
448 4 68 74 63 87
449 3 73 50 85
450 1 31
451 4 72 47 48 23
452 2 35 29
453 1 58
454 1 31
455 3 68 74 63
456 2 28 27
457 1 77
458 1 45
459 1 58
460 1 15
461 3 68 74 63
462 4 61 67 49 60
463 2 47 5
464 4 61 20 56 60
465 2 13 21
466 3 68 74 63
467 4 91 57 90 89
468 1 64
469 1 75
470 1 20
471 1 73
472 2 66 42
473 2 52 33
474 1 56
475 2 35 29
476 2 66 42
477 1 88
478 1 64
479 4 61 20 56 60
480 1 77
481 3 22 12 81
482 1 20
483 1 17
484 1 45
485 3 22 12 81
486 1 75
487 1 58
488 2 19 80
489 1 31
490 2 5 83
491 2 20 56
492 1 31
493 1 7
494 1 64
495 2 3 15
496 1 15
497 2 19 80
498 2 66 42
499 1 45
500 3 54 70 39
501 2 41 31
502 2 19 80
503 1 7
504 2 66 42
505 2 52 33
506 2 35 29
507 1 73
508 2 19 80
509 3 68 74 63
510 2 66 42
511 1 16
512 1 15
513 2 58 77
514 1 15
515 1 17
516 2 52 33
517 2 30 4
518 2 19 80
519 1 17
520 1 62
521 3 73 50 85
522 3 73 50 85
523 2 19 80
524 2 66 42
525 2 30 4
526 1 88
527 2 19 80
528 2 20 49
529 1 88
530 2 16 32
531 4 61 67 49 60
532 1 16
533 1 73
534 1 16
535 2 66 42
536 1 15
537 1 15
538 1 16
539 1 75
540 1 7
541 1 15
542 1 15
543 1 58
544 1 17
545 2 28 27
546 1 20
547 1 64
548 2 19 80
549 1 58
550 1 20
551 2 13 21
552 3 22 12 81
553 1 6
554 1 73
555 1 88
556 3 11 13 18
557 3 68 74 63
558 1 17
559 1 7
560 1 16
561 2 19 80
562 4 68 74 63 87
563 4 51 44 65 45
564 2 40 37
565 2 28 27
566 1 17
567 2 5 83
568 4 61 20 56 60
569 4 51 44 65 45
570 1 64
571 4 61 20 56 60
572 1 16
573 2 66 42
574 1 64
575 1 15
576 3 1 26 24
577 2 19 80
578 2 19 80
579 1 75
580 3 76 25 2
581 1 15
582 2 3 15
583 1 20
584 1 7
585 1 62
586 1 88
587 4 91 57 90 89
588 1 75
589 1 15
590 2 66 42
591 3 54 70 39
592 4 51 44 65 45
593 3 76 25 2
594 3 76 25 2
595 1 20
596 4 51 44 65 45
597 1 15
598 1 16
599 2 16 32
600 4 72 47 48 23
601 1 31
602 1 16
603 1 16
604 2 58 77
605 1 15
606 1 77
607 1 15
608 1 45
609 1 45
610 1 58
611 1 6
612 2 20 49
613 1 64
614 2 20 56
615 1 58
616 1 75
617 1 45
618 1 15
619 3 1 26 24
620 1 77
621 1 58
622 1 77
623 2 41 31
624 2 58 77
625 1 64
626 3 1 26 24
627 4 91 57 90 89
628 2 89 90
629 2 40 37
630 3 54 70 39
631 1 6
632 1 64
633 1 17
634 2 40 37
635 2 47 5
636 2 52 33
637 1 45
638 1 64
639 1 58
640 1 64
641 2 35 29
642 1 88
643 3 68 74 63
644 1 88
645 2 30 4
646 1 16
647 2 16 32
648 1 64
649 1 64
650 2 66 42
651 1 7
652 1 7
653 2 5 83
654 2 35 29
655 1 7
656 1 75
657 1 73
658 1 56
659 3 68 74 63
660 4 11 13 18 21
661 1 7
662 1 16
663 2 16 32
664 1 15
665 1 15
666 1 58
667 2 35 29
668 3 22 12 81
669 1 15
670 1 7
671 4 51 44 65 45
672 1 64
673 3 76 25 2
674 1 75
675 1 7
676 2 28 27
677 3 73 50 85
678 3 22 12 81
679 1 31
680 1 15
681 1 16
682 1 64
683 1 31
684 1 88
685 3 1 26 24
686 3 73 50 85
687 2 3 15
688 4 72 47 48 23
689 1 15
690 2 35 29
691 4 61 67 49 60
692 1 88
693 3 22 12 81
694 1 17
695 1 75
696 2 40 37
697 3 68 74 63
698 1 75
699 2 19 80
700 1 16
701 3 22 12 81
702 1 7
703 4 91 57 90 89
704 1 15
705 1 73
706 2 41 31
707 1 16
708 1 88
709 2 28 27
710 1 88
711 1 15
712 1 75
713 2 30 4
714 1 75
715 3 73 50 85
716 1 88
717 1 75
718 4 68 74 63 87
719 1 16
720 4 72 47 48 23
721 3 73 50 85
722 1 15
723 4 61 67 49 60
724 1 62
725 1 88
726 2 20 49
727 1 88
728 1 7
729 1 7
730 1 73
731 1 75
732 1 16
733 1 88
734 1 88
735 2 50 85
736 1 16
737 1 88
738 3 73 50 85
739 1 15
740 1 15
741 2 3 15
742 1 7
743 2 30 4
744 1 7
745 1 31
746 1 62
