nbCamions 996
Id_truck Number_of_suppliers Supplier_code
0 2 13 15
1 1 125
2 2 53 44
3 1 125
4 1 57
5 1 106
6 3 52 54 1
7 1 15
8 1 28
9 1 57
10 1 28
11 2 8 104
12 2 63 115
13 4 84 91 90 122
14 2 14 37
15 1 15
16 3 33 113 29
17 2 13 15
18 2 92 62
19 1 57
20 1 10
21 3 61 74 124
22 1 73
23 1 73
24 3 18 50 70
25 1 126
26 2 37 47
27 4 84 91 90 122
28 1 73
29 3 35 99 86
30 1 73
31 2 108 94
32 1 42
33 2 14 37
34 1 105
35 2 17 95
36 3 121 123 59
37 2 113 112
38 2 27 56
39 3 121 123 59
40 1 111
41 2 13 15
42 2 55 51
43 1 97
44 2 13 15
45 4 84 91 90 122
46 2 12 10
47 1 51
48 2 27 56
49 1 8
50 1 57
51 2 92 62
52 1 19
53 3 100 30 88
54 1 19
55 1 10
56 2 10 45
57 2 28 85
58 1 97
59 1 57
60 1 106
61 1 105
62 1 19
63 1 57
64 1 57
65 1 105
66 4 63 75 115 36
67 2 102 106
68 2 71 114
69 1 40
70 1 65
71 1 57
72 1 19
73 2 51 58
74 1 42
75 1 105
76 1 111
77 2 50 26
78 1 15
79 1 11
80 2 13 15
81 3 113 33 112
82 2 102 106
83 1 105
84 1 125
85 2 17 95
86 2 63 115
87 1 126
88 3 49 119 11
89 1 57
90 1 15
91 2 46 68
92 3 49 119 11
93 1 19
94 2 53 44
95 2 71 114
96 1 19
97 1 16
98 1 19
99 5 83 24 5 99 6
100 1 19
101 1 19
102 1 57
103 1 126
104 1 126
105 1 57
106 2 55 51
107 2 17 95
108 1 57
109 3 121 123 59
110 1 40
111 1 57
112 1 41
113 1 105
114 2 37 47
115 1 123
116 1 28
117 1 57
118 3 31 60 103
119 4 84 91 90 122
120 2 87 98
121 4 23 78 20 34
122 1 57
123 1 57
124 2 71 114
125 1 15
126 1 125
127 1 8
128 1 15
129 2 13 15
130 3 52 54 1
131 2 42 9
132 1 105
133 3 52 54 1
134 2 13 15
135 1 28
136 2 13 15
137 3 121 123 59
138 1 111
139 1 40
140 3 18 50 70
141 1 57
142 1 57
143 1 19
144 4 23 78 20 34
145 1 19
146 1 51
147 1 111
148 1 105
149 3 121 123 59
150 2 102 106
151 2 55 51
152 1 28
153 2 41 48
154 1 73
155 3 35 99 86
156 2 51 55
157 1 73
158 1 106
159 1 16
160 1 73
161 1 57
162 2 63 115
163 1 123
164 2 10 45
165 1 73
166 1 97
167 2 55 51
168 3 52 54 1
169 3 121 123 59
170 3 49 119 11
171 2 14 37
172 1 73
173 3 21 66 22
174 2 71 114
175 1 73
176 2 37 47
177 2 13 15
178 1 15
179 1 123
180 1 57
181 2 10 45
182 1 73
183 1 73
184 2 62 92
185 1 73
186 2 77 120
187 1 65
188 2 108 94
189 1 10
190 2 113 112
191 2 41 48
192 5 83 24 5 99 6
193 3 64 43 80
194 1 42
195 2 71 114
196 1 8
197 1 10
198 1 57
199 1 111
200 1 105
201 2 108 94
202 2 120 101
203 1 41
204 1 40
205 3 33 113 29
206 1 26
207 2 7 106
208 2 14 37
209 3 49 119 11
210 1 57
211 4 23 78 20 34
212 3 100 30 88
213 2 108 94
214 2 79 3
215 3 113 33 112
216 2 27 56
217 2 71 114
218 2 102 106
219 3 35 99 86
220 1 111
221 2 10 45
222 1 73
223 2 46 68
224 1 73
225 1 94
226 2 65 116
227 1 40
228 2 92 62
229 1 105
230 4 84 91 90 122
231 3 52 54 1
232 2 65 4
233 1 123
234 3 31 60 103
235 3 31 60 103
236 2 14 37
237 2 10 45
238 1 8
239 2 37 47
240 4 84 91 90 122
241 1 73
242 1 125
243 1 73
244 1 125
245 2 12 10
246 2 113 112
247 2 71 114
248 1 28
249 2 40 41
250 1 28
251 3 64 43 80
252 1 57
253 1 111
254 1 123
255 2 71 114
256 1 19
257 1 57
258 2 41 48
259 1 94
260 1 73
261 1 73
262 1 97
263 1 97
264 1 15
265 3 98 82 109
266 2 27 56
267 1 19
268 1 97
269 1 106
270 1 19
271 3 35 99 86
272 2 37 47
273 2 87 98
274 1 111
275 2 13 15
276 2 10 45
277 2 13 15
278 1 15
279 3 61 74 124
280 4 63 75 115 36
281 1 57
282 2 27 56
283 2 71 114
284 3 49 119 11
285 1 57
286 1 111
287 3 100 30 88
288 2 63 115
289 3 35 99 86
290 1 105
291 2 8 104
292 2 26 2
293 1 51
294 1 106
295 1 10
296 2 46 89
297 3 18 50 70
298 1 57
299 1 57
300 2 53 44
301 2 38 42
302 2 77 120
303 1 40
304 1 73
305 1 41
306 1 73
307 1 73
308 1 97
309 1 97
310 1 123
311 1 105
312 1 28
313 1 40
314 1 41
315 3 121 123 59
316 2 28 85
317 2 37 47
318 2 51 58
319 1 105
320 1 57
321 1 57
322 3 52 54 1
323 2 14 37
324 1 57
325 1 10
326 2 13 15
327 2 62 92
328 1 8
329 2 12 10
330 1 57
331 3 33 113 29
332 3 100 30 88
333 3 31 60 103
334 3 52 54 1
335 1 57
336 1 84
337 1 28
338 1 106
339 1 57
340 2 87 98
341 3 35 99 86
342 3 121 123 59
343 2 13 15
344 2 87 98
345 2 37 47
346 1 28
347 1 26
348 1 15
349 2 63 115
350 1 57
351 2 12 10
352 1 105
353 1 94
354 2 13 15
355 1 10
356 3 49 119 11
357 2 92 62
358 4 63 75 115 36
359 4 69 76 107 25
360 1 40
361 2 41 48
362 2 79 3
363 1 57
364 3 121 123 59
365 1 57
366 2 7 106
367 3 58 39 72
368 3 121 123 59
369 2 108 94
370 3 61 74 124
371 4 63 75 115 36
372 3 98 82 109
373 1 15
374 1 15
375 2 71 114
376 1 126
377 1 11
378 1 105
379 1 15
380 2 87 98
381 1 15
382 1 106
383 3 18 50 70
384 1 15
385 1 57
386 1 57
387 1 19
388 4 84 91 90 122
389 1 19
390 1 19
391 2 71 114
392 1 57
393 2 13 15
394 1 19
395 2 55 51
396 1 123
397 1 42
398 1 57
399 2 10 16
400 2 46 68
401 1 123
402 1 105
403 2 28 85
404 2 17 95
405 2 40 41
406 1 126
407 1 15
408 1 11
409 2 71 114
410 2 120 101
411 1 105
412 3 98 82 109
413 3 98 82 109
414 2 38 42
415 5 83 24 5 99 6
416 3 100 30 88
417 2 8 104
418 1 105
419 1 97
420 3 61 74 124
421 2 87 98
422 4 63 75 115 36
423 1 28
424 1 57
425 1 57
426 1 57
427 3 28 93 117
428 2 41 48
429 1 97
430 1 15
431 1 57
432 1 97
433 2 10 45
434 1 123
435 1 15
436 1 15
437 1 8
438 5 83 24 5 99 6
439 1 97
440 2 62 92
441 1 97
442 1 10
443 1 105
444 1 57
445 1 57
446 2 10 45
447 2 92 62
448 1 105
449 2 65 81
450 1 16
451 3 28 93 117
452 1 15
453 1 10
454 2 13 15
455 1 97
456 1 57
457 1 28
458 1 8
459 4 63 75 115 36
460 1 28
461 1 126
462 2 46 89
463 3 121 123 59
464 3 33 113 29
465 1 57
466 1 26
467 1 57
468 1 57
469 1 123
470 2 65 116
471 1 57
472 2 37 47
473 1 57
474 1 57
475 3 35 99 86
476 1 15
477 2 113 112
478 3 31 60 103
479 1 125
480 1 125
481 2 65 116
482 1 57
483 1 28
484 2 56 27
485 1 105
486 2 51 58
487 1 10
488 2 87 98
489 1 15
490 1 57
491 1 57
492 2 10 45
493 1 28
494 1 65
495 3 52 54 1
496 2 10 45
497 2 41 48
498 1 57
499 1 123
500 2 61 74
501 3 49 119 11
502 1 15
503 4 23 78 20 34
504 2 8 104
505 1 15
506 2 27 56
507 3 58 39 72
508 1 28
509 1 99
510 1 123
511 3 31 60 103
512 1 8
513 1 10
514 2 10 45
515 1 125
516 2 87 98
517 3 100 30 88
518 1 57
519 1 51
520 1 105
521 1 97
522 2 71 114
523 3 58 39 72
524 1 57
525 2 13 15
526 1 57
527 2 53 44
528 1 15
529 1 28
530 1 123
531 2 77 120
532 1 10
533 2 3 79
534 3 113 33 112
535 1 105
536 2 65 81
537 1 73
538 1 73
539 1 73
540 1 99
541 1 15
542 2 46 89
543 2 14 37
544 1 51
545 2 50 26
546 1 26
547 1 19
548 3 121 123 59
549 1 15
550 2 67 94
551 3 28 93 117
552 1 19
553 1 28
554 1 57
555 2 63 115
556 3 61 74 124
557 1 105
558 2 120 101
559 1 10
560 3 21 66 22
561 3 49 119 11
562 2 65 110
563 1 126
564 1 57
565 3 98 82 109
566 3 35 99 86
567 2 71 114
568 1 57
569 1 126
570 4 63 75 115 36
571 2 71 114
572 2 71 114
573 1 73
574 1 26
575 1 57
576 1 57
577 1 15
578 1 73
579 1 126
580 1 57
581 1 15
582 2 38 42
583 1 105
584 1 97
585 1 19
586 2 10 45
587 1 57
588 1 19
589 2 46 68
590 1 57
591 1 19
592 2 63 115
593 2 41 48
594 1 57
595 2 51 55
596 1 97
597 1 15
598 2 7 106
599 1 15
600 2 7 106
601 3 98 82 109
602 1 15
603 2 50 26
604 3 98 82 109
605 1 15
606 1 19
607 2 14 37
608 1 125
609 1 57
610 1 19
611 1 15
612 1 19
613 2 28 85
614 1 57
615 2 67 94
616 1 19
617 4 63 75 115 36
618 1 125
619 4 63 75 115 36
620 3 98 82 109
621 2 38 42
622 1 15
623 1 19
624 1 106
625 1 73
626 3 123 91 59
627 1 73
628 2 77 120
629 2 50 26
630 2 108 94
631 1 73
632 1 57
633 1 57
634 2 120 101
635 1 123
636 1 73
637 1 99
638 1 73
639 2 46 68
640 2 56 27
641 2 50 26
642 5 83 24 5 99 6
643 2 108 94
644 1 28
645 1 126
646 5 83 24 5 99 6
647 4 4 32 65 43
648 4 69 76 107 25
649 2 102 106
650 1 57
651 2 79 3
652 2 79 3
653 1 57
654 3 100 30 88
655 2 53 44
656 1 19
657 1 99
658 1 57
659 1 126
660 2 40 41
661 2 10 16
662 1 19
663 1 19
664 2 77 120
665 2 65 116
666 1 57
667 2 77 120
668 1 111
669 1 46
670 1 94
671 1 19
672 1 57
673 1 57
674 3 49 119 11
675 2 3 79
676 4 23 78 20 34
677 3 35 99 86
678 1 97
679 2 40 41
680 3 64 43 80
681 1 26
682 1 106
683 2 42 9
684 2 63 115
685 1 51
686 1 125
687 1 19
688 2 10 45
689 4 69 76 107 25
690 2 62 92
691 2 92 62
692 1 19
693 2 65 116
694 2 65 110
695 1 73
696 2 26 2
697 1 73
698 1 19
699 1 73
700 4 4 32 65 43
701 3 21 66 22
702 2 14 37
703 3 123 91 59
704 3 52 54 1
705 1 73
706 1 73
707 1 73
708 1 105
709 2 71 114
710 3 98 82 109
711 2 41 48
712 1 73
713 2 51 58
714 1 73
715 2 51 55
716 3 28 93 117
717 3 121 123 59
718 1 73
719 2 46 89
720 1 73
721 2 37 47
722 1 57
723 1 111
724 2 3 79
725 1 41
726 1 40
727 1 28
728 3 35 99 86
729 2 120 101
730 3 58 39 72
731 1 57
732 1 106
733 2 41 48
734 3 100 30 88
735 1 57
736 2 10 16
737 3 61 74 124
738 2 67 94
739 1 26
740 2 27 56
741 1 73
742 1 73
743 2 46 89
744 1 73
745 1 97
746 2 7 106
747 2 56 27
748 1 123
749 1 73
750 1 105
751 1 19
752 4 84 91 90 122
753 2 65 116
754 2 41 48
755 1 19
756 2 67 94
757 2 14 37
758 2 108 94
759 1 19
760 1 106
761 1 123
762 1 19
763 1 97
764 1 19
765 4 4 32 65 43
766 2 65 81
767 2 77 120
768 2 28 85
769 2 37 47
770 2 46 68
771 1 105
772 1 105
773 2 10 16
774 5 83 24 5 99 6
775 2 71 114
776 2 65 81
777 2 27 56
778 1 57
779 1 57
780 1 57
781 1 125
782 2 13 15
783 1 73
784 1 125
785 1 73
786 1 19
787 1 73
788 1 15
789 1 73
790 2 67 94
791 1 19
792 3 33 113 29
793 3 31 60 103
794 1 51
795 1 28
796 1 73
797 2 42 9
798 1 19
799 1 26
800 2 65 110
801 1 73
802 1 28
803 2 3 79
804 1 19
805 1 57
806 1 11
807 1 126
808 3 98 82 109
809 1 125
810 1 51
811 3 52 54 1
812 1 125
813 2 55 51
814 1 73
815 1 19
816 1 19
817 1 19
818 2 79 3
819 1 73
820 1 28
821 1 125
822 1 94
823 1 42
824 1 51
825 4 63 75 115 36
826 5 83 24 5 99 6
827 1 19
828 4 69 76 107 25
829 1 105
830 1 57
831 2 13 15
832 1 106
833 2 37 47
834 1 15
835 2 13 15
836 1 57
837 4 23 78 20 34
838 1 57
839 2 51 55
840 3 123 91 59
841 1 106
842 2 14 37
843 2 42 9
844 1 19
845 1 111
846 1 19
847 2 53 44
848 1 51
849 1 105
850 2 41 48
851 2 53 44
852 1 126
853 1 125
854 3 49 119 11
855 1 126
856 2 40 41
857 2 71 114
858 2 38 42
859 3 18 50 70
860 1 106
861 1 57
862 1 57
863 1 57
864 1 106
865 2 26 2
866 1 11
867 2 14 37
868 2 121 59
869 1 28
870 1 111
871 1 26
872 4 23 78 20 34
873 2 10 45
874 1 57
875 2 46 89
876 1 57
877 1 8
878 1 57
879 1 10
880 2 77 120
881 1 16
882 2 27 56
883 1 41
884 1 40
885 1 57
886 1 65
887 3 21 66 22
888 1 19
889 2 12 10
890 2 113 112
891 1 15
892 2 71 114
893 1 57
894 2 108 94
895 1 125
896 1 19
897 1 125
898 1 19
899 1 15
900 1 73
901 1 10
902 3 113 33 112
903 2 46 89
904 2 108 94
905 3 18 50 70
906 2 77 120
907 2 38 42
908 1 19
909 1 57
910 2 65 81
911 1 19
912 5 83 24 5 99 6
913 1 8
914 2 27 56
915 1 19
916 1 65
917 1 19
918 2 87 98
919 2 102 106
920 1 19
921 1 15
922 1 39
923 2 51 55
924 1 16
925 2 53 44
926 1 125
927 1 125
928 2 26 2
929 2 46 89
930 2 14 37
931 4 69 76 107 25
932 2 13 15
933 3 98 82 109
934 1 19
935 2 56 27
936 2 63 115
937 3 21 66 22
938 2 46 89
939 4 4 32 65 43
940 2 26 2
941 1 73
942 3 64 43 80
943 1 73
944 1 125
945 1 73
946 1 51
947 1 73
948 1 125
949 1 125
950 1 57
951 1 73
952 1 57
953 2 27 56
954 2 17 95
955 2 14 37
956 1 125
957 2 12 10
958 1 125
959 3 123 91 59
960 2 10 16
961 4 23 78 20 34
962 1 125
963 1 73
964 1 10
965 4 23 78 20 34
966 2 14 37
967 3 100 30 88
968 2 53 44
969 1 111
970 1 125
971 2 67 94
972 2 65 110
973 2 79 3
974 2 77 120
975 5 83 24 5 99 6
976 2 10 45
977 1 111
978 4 84 91 90 122
979 2 10 45
980 3 113 33 112
981 1 73
982 2 56 27
983 3 100 30 88
984 2 46 89
985 2 53 44
986 1 73
987 1 125
988 3 28 93 117
989 1 73
990 1 125
991 2 108 94
992 1 8
993 1 26
994 1 77
995 1 125
