nbCamions 220
Id_truck Number_of_suppliers Supplier_code
0 1 15
1 1 7
2 1 1
3 2 6 14
4 1 1
5 2 11 10
6 2 11 10
7 2 16 9
8 2 4 13
9 2 11 10
10 1 15
11 2 6 14
12 2 16 9
13 1 7
14 1 17
15 1 7
16 1 3
17 1 17
18 1 17
19 1 3
20 1 1
21 2 6 14
22 1 17
23 1 1
24 1 1
25 3 8 2 12
26 2 11 10
27 2 6 14
28 3 8 2 12
29 1 17
30 1 17
31 1 17
32 1 17
33 1 5
34 2 11 10
35 2 16 9
36 1 17
37 1 7
38 2 16 9
39 1 1
40 2 6 14
41 1 2
42 1 17
43 2 16 9
44 1 17
45 1 7
46 1 1
47 1 3
48 1 17
49 1 17
50 1 3
51 1 17
52 2 16 9
53 1 17
54 2 16 9
55 2 16 9
56 2 11 10
57 2 11 10
58 2 16 9
59 2 16 9
60 2 6 14
61 2 11 10
62 1 3
63 2 6 14
64 3 8 2 12
65 2 6 14
66 2 16 9
67 1 5
68 2 6 14
69 1 2
70 2 11 10
71 2 16 9
72 2 16 9
73 1 15
74 1 7
75 1 15
76 2 6 14
77 1 5
78 2 16 9
79 1 3
80 2 16 9
81 3 8 2 12
82 1 15
83 2 16 9
84 2 6 14
85 1 3
86 2 16 9
87 1 5
88 2 16 9
89 2 16 9
90 2 16 9
91 1 15
92 2 6 14
93 2 16 9
94 1 3
95 1 1
96 1 17
97 1 3
98 1 17
99 1 17
100 1 17
101 1 1
102 2 6 14
103 1 2
104 2 6 14
105 3 8 2 12
106 1 7
107 1 17
108 1 17
109 2 11 10
110 2 11 10
111 3 8 2 12
112 1 5
113 2 16 9
114 1 1
115 2 16 9
116 1 7
117 1 15
118 1 17
119 1 3
120 2 11 10
121 1 1
122 2 11 10
123 1 17
124 1 17
125 2 16 9
126 1 7
127 1 3
128 1 15
129 2 4 13
130 2 16 9
131 2 6 14
132 1 3
133 1 7
134 2 11 10
135 1 1
136 2 4 13
137 1 17
138 1 17
139 3 8 2 12
140 2 16 9
141 1 15
142 2 11 10
143 2 11 10
144 2 6 14
145 1 5
146 2 11 10
147 3 8 2 12
148 3 8 2 12
149 1 17
150 2 6 14
151 2 6 14
152 2 11 10
153 1 17
154 2 6 14
155 1 15
156 1 7
157 1 17
158 1 17
159 1 17
160 1 1
161 2 11 10
162 1 17
163 1 3
164 2 11 10
165 2 11 10
166 1 3
167 2 4 13
168 1 17
169 1 2
170 2 6 14
171 1 1
172 2 6 14
173 1 17
174 2 6 14
175 1 17
176 3 8 2 12
177 1 17
178 1 17
179 3 8 2 12
180 1 7
181 1 15
182 1 17
183 1 1
184 1 1
185 2 6 14
186 1 3
187 2 11 10
188 1 17
189 1 17
190 1 2
191 1 1
192 3 8 2 12
193 1 17
194 1 17
195 1 2
196 1 3
197 1 17
198 2 6 14
199 1 17
200 1 7
201 2 11 10
202 1 15
203 1 1
204 3 8 2 12
205 1 17
206 1 17
207 1 17
208 2 6 14
209 1 17
210 2 11 10
211 1 17
212 1 17
213 2 6 14
214 1 17
215 2 11 10
216 1 3
217 2 4 13
218 1 1
219 1 17
