nbObjets 1529
Id_item Supplier_code Length Width Height Weight Stackability_code Earliest_arrival_time Latest_arrival_time Inventory_cost
0 16 12 10 9 867 3 71 76 2090
1 9 12 10 11 270 2 22 27 280
2 11 12 10 8 1117 1 7 25 190
3 7 16 12 9 527 4 18 25 160
4 4 12 10 6 592 2 15 20 610
5 17 16 12 9 412 4 28 57 130
6 9 12 10 8 845 2 11 11 880
7 10 7 5 4 426 5 19 61 120
8 6 12 10 8 1091 1 12 28 150
9 3 12 10 8 1671 1 13 13 240
10 17 16 12 9 412 4 56 61 130
11 17 16 12 9 412 4 22 27 130
12 17 16 12 9 411 4 8 13 140
13 16 12 10 9 867 3 18 21 2090
14 15 7 5 4 382 5 4 20 70
15 1 7 5 4 432 5 22 27 80
16 4 12 10 8 836 2 22 27 880
17 11 12 10 8 1046 1 28 70 180
18 17 7 5 4 156 5 61 64 120
19 1 7 5 4 401 5 70 75 80
20 15 7 5 4 388 5 4 20 80
21 1 12 10 8 1308 1 67 67 220
22 8 7 5 4 377 5 68 68 70
23 3 12 10 8 1594 1 60 76 240
24 11 7 5 4 427 5 1 14 90
25 17 16 12 9 419 4 61 64 130
26 5 12 10 8 1106 1 19 19 140
27 15 7 5 4 424 5 20 62 70
28 17 11 9 8 619 6 12 15 380
29 8 7 5 4 303 5 70 75 50
30 9 12 10 11 216 2 67 70 250
31 17 16 12 9 370 4 7 12 110
32 9 12 10 11 378 2 62 67 230
33 9 12 10 11 216 2 14 19 250
34 11 7 5 4 427 5 1 19 90
35 17 7 5 4 146 5 12 15 130
36 17 16 12 9 366 4 26 29 110
37 1 12 10 8 1380 1 81 81 220
38 11 7 5 4 427 5 1 18 90
39 16 12 10 9 867 3 22 27 2090
40 17 16 12 9 412 4 11 11 110
41 1 7 5 4 322 5 56 61 60
42 4 12 10 8 690 2 15 20 970
43 15 7 5 4 382 5 56 74 70
44 9 12 10 11 325 2 64 69 210
45 15 7 5 4 372 5 27 69 70
46 4 12 10 8 836 2 71 76 880
47 17 7 5 4 156 5 26 29 120
48 1 7 5 4 427 5 69 74 90
49 2 12 10 8 1167 1 69 69 220
50 1 7 5 4 430 5 64 69 70
51 17 16 12 9 366 4 64 69 110
52 17 16 12 9 419 4 26 29 130
53 15 12 10 6 754 2 25 67 520
54 17 16 12 9 412 4 18 21 130
55 9 12 10 11 270 2 7 12 280
56 17 16 12 9 370 4 56 61 110
57 9 12 10 11 489 2 60 63 450
58 17 16 12 9 366 4 20 25 110
59 9 12 10 11 341 2 71 76 350
60 15 7 5 4 424 5 63 81 70
61 1 12 10 8 1308 1 76 76 220
62 11 7 5 4 396 5 5 21 70
63 17 7 5 4 425 5 61 64 150
64 1 7 5 4 394 5 64 69 60
65 9 12 10 11 325 2 11 14 210
66 1 7 5 4 401 5 21 26 80
67 9 12 10 11 341 2 18 21 350
68 7 16 12 9 293 4 63 70 110
69 17 11 9 8 619 6 8 13 380
70 1 7 5 4 398 5 63 68 70
71 11 7 5 4 427 5 1 13 90
72 17 11 9 8 619 6 14 19 380
73 15 12 10 6 765 2 56 74 520
74 15 12 10 6 765 2 4 20 520
75 17 11 9 8 619 6 67 70 380
76 11 7 5 4 427 5 1 12 90
77 8 7 5 4 432 5 25 28 70
78 4 12 10 8 690 2 57 62 970
79 4 12 10 8 674 2 64 69 700
80 7 16 12 9 534 4 25 25 130
81 1 12 10 8 1670 1 18 18 240
82 11 12 10 8 1154 1 4 20 200
83 2 16 12 9 495 4 26 26 130
84 9 12 10 11 378 2 69 74 230
85 11 12 10 8 1046 1 19 61 180
86 17 16 12 9 370 4 11 14 110
87 11 7 5 4 427 5 21 63 90
88 8 7 5 4 376 5 60 63 70
89 11 7 5 4 405 5 7 25 80
90 17 7 5 4 146 5 18 21 130
91 7 16 12 9 483 4 56 63 140
92 6 12 10 8 1098 1 1 19 150
93 9 12 10 11 198 2 60 63 190
94 15 7 5 4 388 5 56 74 80
95 17 7 5 4 425 5 68 71 150
96 11 7 5 4 398 5 63 81 70
97 11 12 10 8 1154 1 5 21 200
98 11 7 5 4 360 5 11 27 60
99 7 16 12 9 293 4 70 77 110
100 9 12 10 11 198 2 29 60 190
101 9 12 10 11 325 2 27 56 210
102 3 12 10 8 1671 1 11 27 240
103 1 7 5 4 432 5 64 69 80
104 9 12 10 11 489 2 22 27 450
105 9 12 10 11 489 2 8 13 450
106 17 16 12 9 366 4 71 76 110
107 11 7 5 4 393 5 63 81 60
108 11 12 10 8 1046 1 61 77 180
109 17 7 5 4 156 5 15 20 120
110 16 16 12 9 377 4 26 26 160
111 9 12 10 11 198 2 76 81 190
112 14 16 12 9 464 4 8 26 130
113 11 7 5 4 427 5 27 69 90
114 17 16 12 9 370 4 18 21 110
115 6 12 10 8 1091 1 21 63 150
116 3 12 10 8 1671 1 57 75 240
117 17 7 5 4 146 5 56 61 130
118 17 11 9 8 619 6 28 57 380
119 4 12 10 6 632 2 57 62 1620
120 17 11 9 8 619 6 56 61 380
121 17 7 5 4 425 5 15 20 150
122 1 12 10 8 1380 1 60 60 220
123 16 12 10 9 867 3 11 14 2090
124 6 12 10 8 1098 1 18 60 150
125 17 16 12 9 412 4 28 57 110
126 4 12 10 6 592 2 57 62 610
127 3 12 10 8 1608 1 57 75 260
128 11 7 5 4 430 5 11 27 80
129 1 12 10 8 1380 1 11 11 220
130 9 12 10 11 216 2 25 28 250
131 17 16 12 9 412 4 27 56 110
132 10 7 5 4 429 5 19 61 80
133 9 12 10 11 381 2 15 20 230
134 4 12 10 8 783 2 15 20 660
135 9 12 10 11 325 2 74 77 210
136 9 12 10 11 270 2 11 14 280
137 1 12 10 8 1670 1 69 69 240
138 17 7 5 4 146 5 57 62 130
139 9 12 10 11 378 2 20 25 230
140 8 7 5 4 303 5 7 12 50
141 3 12 10 8 1594 1 7 25 240
142 17 16 12 9 419 4 13 18 130
143 17 7 5 4 156 5 68 71 120
144 16 16 12 9 377 4 56 56 160
145 17 7 5 4 156 5 13 18 120
146 17 16 12 9 366 4 75 78 110
147 17 16 12 9 419 4 68 71 130
148 7 16 12 9 293 4 74 81 110
149 17 16 12 9 366 4 70 75 110
150 11 7 5 4 263 5 19 61 70
151 11 7 5 4 405 5 11 27 80
152 3 12 10 8 1554 1 25 67 230
153 14 16 12 9 465 4 26 68 130
154 8 7 5 4 303 5 21 26 50
155 1 7 5 4 428 5 57 62 70
156 7 16 12 9 293 4 27 60 110
157 11 7 5 4 427 5 18 60 90
158 17 16 12 9 412 4 67 70 130
159 17 16 12 9 366 4 15 20 110
160 1 7 5 4 394 5 22 27 60
161 17 7 5 4 146 5 67 70 130
162 9 12 10 11 378 2 6 11 230
163 17 7 5 4 146 5 22 27 130
164 1 7 5 4 401 5 63 68 80
165 1 12 10 8 1637 1 74 74 240
166 8 7 5 4 376 5 18 21 70
167 17 7 5 4 146 5 8 13 130
168 7 16 12 9 483 4 67 74 140
169 11 7 5 4 398 5 26 68 70
170 17 16 12 9 370 4 22 27 110
171 17 7 5 4 146 5 7 12 130
172 6 12 10 8 1098 1 57 75 150
173 16 12 10 9 867 3 60 63 2090
174 9 12 10 11 216 2 56 61 250
175 16 12 10 9 867 3 8 13 2090
176 9 12 10 11 325 2 70 75 210
177 9 12 10 11 216 2 57 62 250
178 11 12 10 8 1117 1 60 76 190
179 4 12 10 8 836 2 64 69 880
180 9 12 10 11 325 2 71 76 210
181 16 12 10 9 867 3 7 12 2090
182 9 12 10 11 198 2 71 76 190
183 11 7 5 4 393 5 25 67 60
184 11 12 10 8 1117 1 8 26 190
185 17 16 12 9 411 4 56 61 140
186 9 12 10 11 270 2 71 76 280
187 17 16 12 9 411 4 12 15 140
188 17 16 12 9 411 4 57 62 140
189 2 16 12 9 495 4 68 68 130
190 11 7 5 4 393 5 26 68 60
191 9 12 10 11 489 2 18 21 450
192 17 16 12 9 470 4 61 64 140
193 9 12 10 11 381 2 20 25 230
194 17 11 9 8 619 6 25 28 380
195 14 16 12 9 465 4 63 81 130
196 17 16 12 9 366 4 74 77 110
197 17 16 12 9 411 4 22 27 140
198 9 12 10 11 198 2 7 12 190
199 17 7 5 4 156 5 57 62 120
200 8 7 5 4 349 5 75 75 60
201 17 16 12 9 366 4 21 26 110
202 9 12 10 11 489 2 11 14 450
203 17 16 12 9 470 4 69 74 140
204 9 12 10 11 325 2 63 68 210
205 11 7 5 4 405 5 21 63 80
206 11 7 5 4 405 5 1 19 80
207 17 7 5 4 156 5 14 19 120
208 3 12 10 8 1566 1 27 69 260
209 1 7 5 4 430 5 71 76 70
210 1 7 5 4 432 5 29 60 60
211 1 7 5 4 322 5 14 19 60
212 14 16 12 9 465 4 27 69 130
213 17 16 12 9 412 4 8 13 130
214 11 7 5 4 430 5 20 62 80
215 17 16 12 9 419 4 25 28 130
216 17 7 5 4 425 5 19 22 150
217 17 16 12 9 370 4 12 15 110
218 17 16 12 9 366 4 60 63 110
219 3 12 10 8 1671 1 1 19 240
220 17 16 12 9 412 4 18 18 110
221 17 16 12 9 412 4 19 22 130
222 8 7 5 4 332 5 61 61 90
223 11 7 5 4 393 5 61 77 60
224 17 16 12 9 411 4 15 20 140
225 11 7 5 4 405 5 63 81 80
226 4 12 10 8 880 2 64 69 1670
227 10 7 5 4 426 5 60 76 120
228 17 11 9 8 619 6 11 14 380
229 9 12 10 11 378 2 74 77 230
230 3 12 10 8 1621 1 4 20 230
231 9 12 10 11 378 2 21 26 230
232 9 12 10 11 341 2 11 14 350
233 9 12 10 11 216 2 13 18 250
234 11 7 5 4 405 5 1 12 80
235 11 12 10 8 1172 1 25 67 210
236 8 7 5 4 377 5 61 61 70
237 1 12 10 8 1437 1 81 81 230
238 11 7 5 4 427 5 11 27 90
239 8 7 5 4 303 5 18 21 50
240 17 16 12 9 370 4 29 60 110
241 16 12 10 9 867 3 29 60 2090
242 1 7 5 4 428 5 57 62 90
243 4 12 10 8 544 2 57 62 650
244 9 12 10 11 341 2 76 81 350
245 10 7 5 4 426 5 8 26 120
246 11 12 10 8 1154 1 28 70 200
247 17 16 12 9 412 4 29 60 130
248 1 7 5 4 432 5 29 60 80
249 9 12 10 11 325 2 62 67 210
250 15 12 10 6 754 2 20 62 520
251 10 7 5 4 426 5 28 70 120
252 9 12 10 11 270 2 74 77 280
253 1 7 5 4 430 5 62 67 70
254 9 12 10 11 270 2 60 63 280
255 8 7 5 4 438 5 63 68 70
256 4 12 10 6 545 2 57 62 360
257 3 12 10 8 1594 1 13 13 240
258 17 7 5 4 156 5 8 13 120
259 17 16 12 9 412 4 21 26 130
260 17 16 12 9 366 4 6 11 110
261 17 7 5 4 425 5 63 68 150
262 9 12 10 11 489 2 76 81 450
263 14 16 12 9 465 4 7 25 130
264 17 16 12 9 366 4 8 13 110
265 1 7 5 4 394 5 62 67 60
266 3 12 10 8 1671 1 60 76 240
267 3 12 10 8 1671 1 1 18 240
268 6 12 10 8 1098 1 56 74 150
269 16 16 12 9 377 4 25 25 160
270 17 16 12 9 366 4 6 11 110
271 12 16 12 9 320 4 21 26 100
272 11 7 5 4 427 5 28 70 90
273 6 12 10 8 1091 1 18 60 150
274 17 11 9 8 619 6 57 62 380
275 12 16 12 9 320 4 74 77 100
276 14 16 12 9 464 4 18 60 130
277 17 16 12 9 419 4 69 74 130
278 1 7 5 4 356 5 12 12 70
279 2 12 10 8 1167 1 27 27 220
280 4 12 10 8 871 2 22 27 740
281 3 12 10 8 1621 1 26 68 230
282 1 7 5 4 397 5 56 61 70
283 17 11 9 8 619 6 13 18 380
284 1 7 5 4 428 5 15 20 90
285 11 7 5 4 263 5 18 60 70
286 17 16 12 9 370 4 19 22 110
287 1 7 5 4 394 5 71 76 60
288 17 7 5 4 156 5 20 25 120
289 3 12 10 8 1566 1 25 67 260
290 15 7 5 4 372 5 63 81 70
291 10 7 5 4 429 5 28 70 80
292 4 12 10 8 783 2 57 62 660
293 9 12 10 11 378 2 15 20 230
294 11 7 5 4 427 5 19 61 90
295 1 7 5 4 436 5 6 11 80
296 14 16 12 9 465 4 20 62 130
297 17 16 12 9 412 4 18 18 110
298 9 12 10 11 381 2 57 62 230
299 11 7 5 4 360 5 7 25 60
300 1 7 5 4 427 5 76 81 70
301 11 7 5 4 398 5 5 21 70
302 9 12 10 11 325 2 7 12 210
303 4 12 10 8 544 2 15 20 650
304 10 7 5 4 429 5 60 76 80
305 3 12 10 8 1554 1 20 62 230
306 11 7 5 4 263 5 56 74 70
307 17 16 12 9 411 4 19 22 140
308 9 12 10 11 270 2 64 69 280
309 11 7 5 4 430 5 1 14 80
310 10 7 5 4 426 5 1 14 120
311 16 12 10 9 867 3 74 77 2090
312 11 7 5 4 427 5 8 26 90
313 3 12 10 8 1594 1 8 26 240
314 17 11 9 8 619 6 18 21 380
315 17 16 12 9 366 4 27 56 110
316 15 7 5 4 378 5 4 20 60
317 1 7 5 4 436 5 64 69 80
318 3 12 10 8 1608 1 11 27 260
319 11 7 5 4 398 5 1 19 70
320 17 16 12 9 366 4 18 21 110
321 3 12 10 8 1595 1 25 67 240
322 17 16 12 9 419 4 20 25 130
323 9 12 10 11 341 2 60 63 350
324 11 12 10 8 1046 1 4 20 180
325 17 7 5 4 146 5 28 57 130
326 11 12 10 8 1311 1 14 56 290
327 8 7 5 4 432 5 56 61 70
328 15 7 5 4 426 5 25 67 80
329 9 12 10 11 378 2 64 69 230
330 11 12 10 8 1117 1 11 27 190
331 17 7 5 4 146 5 61 64 130
332 14 16 12 9 465 4 1 13 130
333 8 7 5 4 377 5 26 26 70
334 17 16 12 9 370 4 25 28 110
335 7 16 12 9 527 4 60 67 160
336 1 12 10 8 1308 1 69 69 220
337 16 12 10 9 867 3 64 69 2090
338 8 7 5 4 376 5 11 14 70
339 11 7 5 4 430 5 1 18 80
340 1 12 10 8 1308 1 74 74 220
341 9 12 10 11 325 2 22 27 210
342 11 7 5 4 405 5 18 60 80
343 1 12 10 8 1437 1 18 18 230
344 17 16 12 9 370 4 12 15 110
345 15 7 5 4 424 5 11 27 70
346 3 12 10 8 1554 1 7 25 230
347 9 12 10 11 270 2 18 21 280
348 11 7 5 4 430 5 26 68 80
349 8 7 5 4 332 5 12 12 90
350 1 7 5 4 432 5 13 18 60
351 11 7 5 4 427 5 60 76 90
352 9 12 10 11 198 2 56 61 190
353 11 7 5 4 360 5 63 81 60
354 6 12 10 8 1091 1 63 81 150
355 7 16 12 9 293 4 21 28 110
356 17 16 12 9 419 4 62 67 130
357 4 12 10 8 790 2 15 20 710
358 14 16 12 9 464 4 1 19 130
359 1 7 5 4 432 5 71 76 80
360 7 16 12 9 527 4 11 18 160
361 10 7 5 4 429 5 8 26 80
362 11 7 5 4 360 5 1 12 60
363 17 16 12 9 470 4 57 62 140
364 11 12 10 8 1209 1 28 70 210
365 17 16 12 9 470 4 14 19 140
366 11 7 5 4 434 5 14 56 90
367 17 7 5 4 156 5 69 74 120
368 1 7 5 4 430 5 20 25 70
369 17 7 5 4 156 5 62 67 120
370 8 7 5 4 303 5 74 77 50
371 1 7 5 4 427 5 62 67 90
372 17 16 12 9 470 4 67 70 140
373 17 16 12 9 412 4 28 57 110
374 9 12 10 11 489 2 70 75 450
375 14 16 12 9 465 4 12 28 130
376 11 7 5 4 360 5 27 69 60
377 6 12 10 8 1091 1 57 75 150
378 1 7 5 4 405 5 63 68 70
379 11 7 5 4 405 5 27 69 80
380 15 7 5 4 378 5 56 74 60
381 17 16 12 9 370 4 28 57 110
382 4 12 10 8 790 2 57 62 710
383 11 12 10 8 1246 1 14 56 210
384 11 7 5 4 360 5 25 67 60
385 14 16 12 9 464 4 19 61 130
386 11 7 5 4 405 5 25 67 80
387 10 7 5 4 426 5 1 18 120
388 6 12 10 8 1091 1 7 25 150
389 11 7 5 4 360 5 21 63 60
390 11 12 10 8 1046 1 1 14 180
391 1 12 10 8 1637 1 76 76 240
392 8 7 5 4 438 5 27 56 70
393 17 11 9 8 619 6 29 60 380
394 1 7 5 4 430 5 76 81 70
395 9 12 10 11 216 2 76 81 250
396 1 12 10 8 1380 1 18 18 220
397 10 7 5 4 429 5 21 63 80
398 14 16 12 9 465 4 57 75 130
399 4 12 10 8 919 2 71 76 980
400 9 12 10 11 325 2 29 60 210
401 9 12 10 11 378 2 57 62 230
402 6 12 10 8 1098 1 60 76 150
403 8 7 5 4 438 5 70 75 70
404 10 7 5 4 429 5 1 19 80
405 17 11 9 8 619 6 76 81 380
406 8 7 5 4 444 5 70 75 60
407 11 12 10 8 1046 1 57 75 180
408 1 12 10 8 1637 1 11 11 240
409 11 7 5 4 398 5 61 77 70
410 17 16 12 9 470 4 18 21 140
411 1 12 10 8 1670 1 67 67 240
412 17 16 12 9 412 4 68 71 130
413 16 16 12 9 377 4 26 26 160
414 11 7 5 4 398 5 12 28 70
415 8 7 5 4 376 5 70 75 70
416 10 7 5 4 429 5 1 18 80
417 17 16 12 9 412 4 13 18 130
418 11 12 10 8 1154 1 14 56 200
419 9 12 10 11 198 2 21 26 190
420 17 16 12 9 419 4 70 75 130
421 9 12 10 11 378 2 7 12 230
422 17 7 5 4 156 5 70 75 120
423 17 16 12 9 398 4 13 18 120
424 7 16 12 9 527 4 63 70 160
425 17 7 5 4 146 5 29 60 130
426 3 12 10 8 1566 1 19 61 260
427 1 12 10 8 1437 1 25 25 230
428 14 16 12 9 465 4 8 26 130
429 17 7 5 4 156 5 74 77 120
430 17 16 12 9 470 4 56 61 140
431 17 16 12 9 366 4 14 19 110
432 8 7 5 4 376 5 21 26 70
433 9 12 10 11 378 2 22 27 230
434 17 16 12 9 419 4 74 77 130
435 9 12 10 8 851 2 74 77 880
436 17 16 12 9 470 4 28 57 140
437 17 7 5 4 156 5 15 20 120
438 1 7 5 4 432 5 71 76 60
439 17 16 12 9 412 4 15 20 130
440 8 7 5 4 376 5 27 56 70
441 15 12 10 6 744 2 60 76 620
442 10 7 5 4 429 5 1 13 80
443 3 12 10 8 1594 1 57 75 240
444 9 12 10 11 489 2 74 77 450
445 11 7 5 4 398 5 18 60 70
446 11 7 5 4 430 5 12 28 80
447 3 12 10 8 1566 1 60 76 260
448 17 7 5 4 146 5 27 56 130
449 11 7 5 4 430 5 18 60 80
450 17 7 5 4 156 5 27 56 120
451 17 11 9 8 619 6 21 26 380
452 1 7 5 4 436 5 29 60 80
453 1 7 5 4 428 5 76 81 90
454 11 7 5 4 263 5 21 63 70
455 17 16 12 9 470 4 70 75 140
456 9 12 10 11 325 2 8 13 210
457 11 7 5 4 263 5 4 20 70
458 15 7 5 4 426 5 63 81 80
459 11 12 10 8 1046 1 18 60 180
460 17 16 12 9 411 4 21 26 140
461 11 7 5 4 398 5 57 75 70
462 11 12 10 8 1046 1 21 63 180
463 7 16 12 9 293 4 18 25 110
464 15 12 10 6 765 2 20 62 520
465 1 7 5 4 432 5 22 27 60
466 14 16 12 9 465 4 5 21 130
467 1 12 10 8 1637 1 25 25 240
468 17 11 9 8 619 6 6 11 380
469 1 12 10 8 1670 1 81 81 240
470 1 7 5 4 428 5 29 60 90
471 15 7 5 4 424 5 27 69 70
472 1 7 5 4 436 5 76 81 80
473 17 11 9 8 619 6 12 15 380
474 8 7 5 4 438 5 67 70 70
475 3 12 10 8 1594 1 18 60 240
476 11 7 5 4 430 5 60 76 80
477 11 7 5 4 405 5 57 75 80
478 11 7 5 4 360 5 57 75 60
479 17 16 12 9 419 4 15 20 130
480 17 16 12 9 370 4 71 76 110
481 17 11 9 8 619 6 61 64 380
482 17 16 12 9 419 4 27 56 130
483 6 12 10 8 1091 1 20 62 150
484 9 12 10 11 216 2 60 63 250
485 11 7 5 4 405 5 5 21 80
486 11 7 5 4 360 5 5 21 60
487 17 16 12 9 470 4 27 56 140
488 17 7 5 4 156 5 28 57 120
489 11 7 5 4 360 5 8 26 60
490 11 7 5 4 405 5 8 26 80
491 15 7 5 4 272 5 63 81 60
492 17 16 12 9 370 4 18 21 110
493 8 7 5 4 444 5 27 56 60
494 11 7 5 4 405 5 12 28 80
495 11 7 5 4 393 5 21 63 60
496 7 16 12 9 527 4 74 81 160
497 17 7 5 4 425 5 56 61 150
498 12 16 12 9 320 4 70 75 100
499 17 16 12 9 419 4 67 70 130
500 17 7 5 4 425 5 28 57 150
501 10 7 5 4 426 5 1 13 120
502 17 7 5 4 156 5 67 70 120
503 17 16 12 9 370 4 57 62 110
504 1 7 5 4 432 5 57 62 60
505 17 16 12 9 366 4 21 26 110
506 1 7 5 4 397 5 14 19 70
507 11 12 10 8 1046 1 1 19 180
508 16 12 10 9 867 3 21 26 2090
509 1 7 5 4 427 5 57 62 90
510 13 12 10 9 1229 3 15 20 490
511 3 12 10 8 1671 1 19 61 240
512 14 16 12 9 465 4 1 14 130
513 17 7 5 4 425 5 64 69 150
514 15 7 5 4 388 5 25 67 80
515 17 16 12 9 412 4 67 70 110
516 14 16 12 9 465 4 25 67 130
517 17 7 5 4 146 5 68 71 130
518 9 12 10 11 378 2 14 19 230
519 17 16 12 9 419 4 63 68 130
520 13 12 10 9 846 3 71 76 650
521 11 12 10 8 1311 1 27 69 290
522 11 7 5 4 263 5 61 77 70
523 1 7 5 4 436 5 69 74 80
524 15 12 10 6 754 2 11 27 520
525 11 7 5 4 405 5 61 77 80
526 17 7 5 4 156 5 63 68 120
527 4 12 10 8 812 2 22 27 1040
528 11 7 5 4 398 5 1 14 70
529 4 12 10 8 919 2 57 62 980
530 15 12 10 6 754 2 7 25 520
531 17 16 12 9 370 4 19 22 110
532 1 12 10 8 1437 1 11 11 230
533 8 7 5 4 376 5 63 68 70
534 11 7 5 4 434 5 1 19 90
535 14 16 12 9 465 4 21 63 130
536 4 12 10 6 760 2 15 20 580
537 1 7 5 4 356 5 21 26 70
538 17 11 9 8 619 6 60 63 380
539 17 16 12 9 366 4 25 28 110
540 17 11 9 8 619 6 14 19 380
541 11 12 10 8 1154 1 7 25 200
542 17 16 12 9 370 4 6 11 110
543 3 12 10 8 1594 1 63 81 240
544 17 7 5 4 146 5 13 18 130
545 15 7 5 4 388 5 63 81 80
546 17 11 9 8 619 6 19 22 380
547 8 7 5 4 377 5 12 12 70
548 9 12 10 11 198 2 14 19 190
549 3 12 10 8 1594 1 26 68 240
550 9 12 10 11 341 2 74 77 350
551 17 16 12 9 412 4 20 25 130
552 17 16 12 9 366 4 62 67 110
553 3 12 10 8 1595 1 20 62 240
554 11 7 5 4 393 5 1 14 60
555 12 16 12 9 320 4 27 56 100
556 11 7 5 4 360 5 1 19 60
557 17 16 12 9 370 4 28 57 110
558 9 12 10 11 270 2 29 60 280
559 17 16 12 9 419 4 25 28 130
560 15 12 10 6 744 2 25 67 620
561 9 12 10 11 198 2 62 67 190
562 11 7 5 4 360 5 12 28 60
563 17 16 12 9 411 4 63 68 140
564 1 7 5 4 394 5 70 75 60
565 17 16 12 9 419 4 56 61 130
566 17 7 5 4 156 5 56 61 120
567 15 7 5 4 424 5 18 60 70
568 11 7 5 4 434 5 61 77 90
569 14 16 12 9 465 4 28 70 130
570 3 12 10 8 1566 1 20 62 260
571 17 16 12 9 419 4 8 13 130
572 2 16 12 9 495 4 70 70 130
573 8 7 5 4 376 5 56 61 70
574 17 16 12 9 370 4 26 29 110
575 3 12 10 8 1595 1 60 76 240
576 14 16 12 9 464 4 21 63 130
577 4 12 10 8 812 2 15 20 1040
578 9 12 10 11 378 2 11 14 230
579 11 12 10 8 1246 1 61 77 210
580 16 16 12 9 377 4 12 12 160
581 7 16 12 9 293 4 25 56 110
582 11 7 5 4 360 5 61 77 60
583 1 12 10 8 1380 1 74 74 220
584 15 7 5 4 396 5 56 74 70
585 15 7 5 4 382 5 63 81 70
586 11 7 5 4 405 5 21 63 70
587 14 16 12 9 464 4 1 18 130
588 15 12 10 6 754 2 4 20 520
589 11 7 5 4 430 5 61 77 80
590 17 7 5 4 425 5 21 26 150
591 15 12 10 6 765 2 63 81 520
592 1 7 5 4 432 5 64 69 60
593 9 12 10 11 492 2 18 21 440
594 11 7 5 4 360 5 19 61 60
595 11 7 5 4 263 5 1 19 70
596 11 7 5 4 405 5 19 61 80
597 17 11 9 8 619 6 26 29 380
598 17 16 12 9 370 4 21 26 110
599 1 7 5 4 394 5 20 25 60
600 9 12 10 11 325 2 69 74 210
601 1 7 5 4 427 5 64 69 90
602 11 12 10 8 1172 1 21 63 210
603 16 16 12 9 377 4 19 19 160
604 1 7 5 4 428 5 64 69 70
605 9 12 10 11 270 2 69 74 280
606 17 16 12 9 470 4 62 67 140
607 17 16 12 9 411 4 11 14 140
608 8 7 5 4 444 5 67 70 60
609 16 12 10 9 867 3 6 11 2090
610 11 7 5 4 398 5 27 69 70
611 15 12 10 6 765 2 25 67 520
612 17 16 12 9 411 4 14 19 140
613 10 7 5 4 426 5 1 19 120
614 15 7 5 4 382 5 25 67 70
615 11 7 5 4 398 5 28 70 70
616 17 16 12 9 411 4 13 18 140
617 11 7 5 4 430 5 27 69 80
618 17 7 5 4 425 5 13 18 150
619 7 16 12 9 483 4 25 56 140
620 6 12 10 8 1098 1 12 28 150
621 9 12 10 11 216 2 18 21 250
622 11 7 5 4 398 5 7 25 70
623 11 7 5 4 398 5 56 74 70
624 1 7 5 4 398 5 12 12 70
625 14 16 12 9 465 4 19 61 130
626 1 12 10 8 1308 1 25 25 220
627 16 12 10 9 867 3 76 81 2090
628 15 12 10 6 744 2 20 62 620
629 11 12 10 8 1311 1 63 81 290
630 1 7 5 4 398 5 70 75 70
631 11 7 5 4 396 5 4 20 70
632 8 7 5 4 332 5 19 19 90
633 4 12 10 8 871 2 71 76 740
634 11 7 5 4 263 5 28 70 70
635 10 7 5 4 429 5 25 67 80
636 9 12 10 11 198 2 57 62 190
637 1 7 5 4 432 5 76 81 60
638 9 12 10 6 443 2 71 76 710
639 1 7 5 4 436 5 22 27 80
640 17 11 9 8 619 6 7 12 380
641 17 7 5 4 425 5 62 67 150
642 4 12 10 6 593 2 57 62 650
643 9 12 10 11 341 2 29 60 350
644 17 7 5 4 425 5 71 76 150
645 7 16 12 9 293 4 11 18 110
646 17 16 12 9 370 4 76 81 110
647 17 16 12 9 419 4 20 25 130
648 17 16 12 9 366 4 13 18 110
649 16 12 10 9 867 3 14 19 2090
650 14 16 12 9 464 4 26 68 130
651 11 7 5 4 405 5 1 14 70
652 17 16 12 9 370 4 64 69 110
653 17 16 12 9 366 4 28 57 110
654 17 16 12 9 366 4 56 61 110
655 9 12 10 11 492 2 62 67 440
656 3 12 10 8 1594 1 20 62 240
657 1 7 5 4 428 5 22 27 90
658 17 7 5 4 146 5 75 78 130
659 9 12 10 11 198 2 11 14 190
660 8 7 5 4 376 5 25 28 70
661 6 12 10 8 1098 1 11 11 150
662 11 7 5 4 263 5 8 26 70
663 15 12 10 6 754 2 27 69 520
664 17 16 12 9 412 4 27 56 130
665 1 7 5 4 356 5 14 19 70
666 11 7 5 4 263 5 57 75 70
667 9 12 10 11 341 2 69 74 350
668 11 7 5 4 398 5 4 20 70
669 6 12 10 8 1098 1 4 20 150
670 9 12 10 11 489 2 67 70 450
671 9 12 10 7 600 2 63 68 670
672 17 7 5 4 425 5 14 19 150
673 9 12 10 11 489 2 7 12 450
674 1 7 5 4 432 5 76 81 80
675 1 12 10 8 1670 1 60 60 240
676 11 12 10 8 1172 1 27 69 210
677 17 7 5 4 425 5 57 62 150
678 6 12 10 8 1091 1 19 61 150
679 11 7 5 4 430 5 56 74 80
680 17 16 12 9 412 4 68 71 110
681 6 12 10 8 1091 1 1 19 150
682 7 16 12 9 527 4 70 77 160
683 17 7 5 4 156 5 75 78 120
684 8 7 5 4 432 5 74 77 70
685 17 16 12 9 419 4 75 78 130
686 17 16 12 9 366 4 68 71 110
687 8 7 5 4 303 5 63 68 50
688 7 16 12 9 293 4 14 21 110
689 11 12 10 8 1154 1 26 68 200
690 11 7 5 4 430 5 7 25 80
691 14 16 12 9 465 4 1 19 130
692 17 7 5 4 156 5 20 25 120
693 2 16 12 9 495 4 77 77 130
694 11 12 10 8 1246 1 25 67 210
695 11 7 5 4 430 5 4 20 80
696 11 7 5 4 393 5 5 21 60
697 3 12 10 8 1621 1 8 26 230
698 17 16 12 9 470 4 75 78 140
699 11 7 5 4 393 5 8 26 60
700 9 12 10 7 600 2 13 18 670
701 1 12 10 8 1670 1 62 62 240
702 17 16 12 9 412 4 75 78 130
703 17 7 5 4 156 5 25 28 120
704 15 7 5 4 396 5 27 69 70
705 17 16 12 9 412 4 8 13 130
706 17 16 12 9 411 4 62 67 140
707 7 16 12 9 483 4 60 67 140
708 11 7 5 4 427 5 4 20 90
709 9 12 10 11 381 2 76 81 230
710 17 16 12 9 366 4 63 68 110
711 1 7 5 4 428 5 71 76 70
712 8 7 5 4 332 5 26 26 90
713 10 7 5 4 426 5 25 67 120
714 6 12 10 8 1091 1 8 26 150
715 3 12 10 8 1566 1 7 25 260
716 1 7 5 4 426 5 63 68 80
717 11 7 5 4 430 5 1 12 80
718 8 12 10 8 1895 1 74 77 320
719 6 12 10 8 1091 1 5 21 150
720 11 12 10 8 1046 1 5 21 180
721 3 12 10 8 1671 1 18 60 240
722 3 12 10 8 1554 1 60 76 230
723 11 7 5 4 405 5 19 61 70
724 4 12 10 8 871 2 64 69 740
725 17 16 12 9 470 4 25 28 140
726 1 7 5 4 430 5 57 62 70
727 9 12 10 11 378 2 76 81 230
728 17 16 12 9 412 4 70 75 130
729 12 16 12 9 320 4 25 28 100
730 14 16 12 9 464 4 20 62 130
731 4 12 10 6 593 2 64 69 650
732 4 12 10 8 1026 2 22 27 960
733 9 12 10 11 216 2 11 14 250
734 4 12 10 6 659 2 15 20 760
735 11 7 5 4 427 5 12 28 90
736 9 12 10 11 341 2 22 27 350
737 10 7 5 4 426 5 21 63 120
738 15 7 5 4 404 5 7 25 80
739 9 12 10 11 489 2 29 60 450
740 17 16 12 9 470 4 20 25 140
741 17 16 12 9 370 4 26 29 110
742 17 16 12 9 419 4 27 56 130
743 17 11 9 8 619 6 22 27 380
744 17 16 12 9 411 4 18 21 140
745 11 7 5 4 427 5 7 25 90
746 8 7 5 4 438 5 74 77 70
747 9 12 10 11 198 2 64 69 190
748 13 12 10 9 846 3 64 69 650
749 8 7 5 4 303 5 27 56 50
750 4 12 10 8 871 2 57 62 740
751 7 16 12 9 527 4 4 11 160
752 15 12 10 6 765 2 1 13 520
753 17 16 12 9 411 4 71 76 140
754 17 11 9 8 619 6 19 22 380
755 11 7 5 4 360 5 1 14 60
756 12 16 12 9 320 4 63 68 100
757 7 16 12 9 293 4 56 63 110
758 17 16 12 9 370 4 21 26 110
759 11 7 5 4 429 5 60 76 90
760 9 12 10 11 341 2 7 12 350
761 2 16 12 9 495 4 19 19 130
762 9 12 10 11 489 2 69 74 450
763 12 16 12 9 320 4 56 61 100
764 11 12 10 8 1046 1 27 69 180
765 1 12 10 8 1562 1 69 74 260
766 11 7 5 4 360 5 28 70 60
767 1 7 5 4 428 5 62 67 70
768 4 12 10 8 674 2 22 27 700
769 9 12 10 11 325 2 15 20 210
770 15 7 5 4 424 5 56 74 70
771 7 16 12 9 293 4 60 67 110
772 3 12 10 8 1621 1 27 69 230
773 7 16 12 9 483 4 14 21 140
774 1 7 5 4 400 5 12 12 70
775 11 7 5 4 405 5 28 70 80
776 9 12 10 6 709 2 11 14 2090
777 15 12 10 6 754 2 18 60 520
778 17 16 12 9 470 4 68 71 140
779 11 7 5 4 434 5 28 70 90
780 17 16 12 9 470 4 63 68 140
781 15 7 5 4 396 5 18 60 70
782 15 7 5 4 424 5 4 20 70
783 11 7 5 4 427 5 56 74 90
784 1 7 5 4 401 5 14 19 80
785 7 16 12 9 534 4 18 18 130
786 15 7 5 4 424 5 7 25 70
787 7 16 12 9 483 4 18 25 140
788 17 16 12 9 370 4 60 63 110
789 9 12 10 7 600 2 25 28 670
790 8 7 5 4 432 5 67 70 70
791 13 12 10 9 846 3 57 62 650
792 9 12 10 11 198 2 18 21 190
793 6 12 10 8 1091 1 27 69 150
794 10 7 5 4 426 5 20 62 120
795 17 7 5 4 156 5 12 15 120
796 7 16 12 9 527 4 25 56 160
797 4 12 10 8 790 2 71 76 710
798 15 7 5 4 396 5 25 67 70
799 15 7 5 4 388 5 27 69 80
800 9 12 10 11 341 2 15 20 350
801 3 12 10 8 1621 1 7 25 230
802 17 16 12 9 419 4 12 15 130
803 15 12 10 6 765 2 11 27 520
804 3 12 10 8 1566 1 11 27 260
805 4 12 10 8 690 2 71 76 970
806 9 12 10 11 325 2 14 19 210
807 15 7 5 4 372 5 56 74 70
808 4 12 10 8 836 2 57 62 880
809 11 7 5 4 263 5 63 81 70
810 17 16 12 9 412 4 6 11 130
811 3 12 10 8 1566 1 57 75 260
812 11 12 10 8 1046 1 60 76 180
813 9 12 10 11 325 2 67 70 210
814 17 16 12 9 411 4 64 69 140
815 1 12 10 8 1562 1 25 25 260
816 17 16 12 9 370 4 63 68 110
817 14 16 12 9 464 4 25 67 130
818 17 16 12 9 366 4 57 62 110
819 1 7 5 4 427 5 69 74 70
820 1 7 5 4 322 5 63 68 60
821 11 12 10 8 1311 1 5 21 290
822 17 16 12 9 470 4 60 63 140
823 17 7 5 4 425 5 21 26 150
824 17 16 12 9 419 4 60 63 130
825 16 16 12 9 377 4 18 18 160
826 8 7 5 4 438 5 60 63 70
827 9 12 10 11 270 2 25 28 280
828 17 7 5 4 156 5 6 11 120
829 17 7 5 4 425 5 8 13 150
830 17 7 5 4 425 5 27 56 150
831 3 12 10 8 1554 1 1 19 230
832 17 7 5 4 146 5 70 75 130
833 11 7 5 4 427 5 61 77 90
834 17 16 12 9 412 4 27 56 130
835 4 12 10 8 790 2 22 27 710
836 16 12 10 9 867 3 15 20 2090
837 4 12 10 6 592 2 71 76 610
838 14 16 12 9 464 4 5 21 130
839 11 12 10 8 1246 1 63 81 210
840 15 7 5 4 382 5 7 25 70
841 15 7 5 4 404 5 20 62 80
842 15 7 5 4 388 5 7 25 80
843 10 7 5 4 426 5 63 81 120
844 10 7 5 4 429 5 26 68 80
845 17 16 12 9 412 4 25 28 130
846 17 7 5 4 146 5 15 20 130
847 16 12 10 9 867 3 57 62 2090
848 9 12 10 11 492 2 67 70 440
849 11 7 5 4 405 5 20 62 70
850 11 7 5 4 405 5 56 74 80
851 1 7 5 4 427 5 29 60 90
852 6 12 10 8 1091 1 14 56 150
853 17 7 5 4 156 5 21 26 120
854 1 7 5 4 427 5 76 81 90
855 11 12 10 8 1046 1 8 26 180
856 4 12 10 6 646 2 57 62 970
857 10 7 5 4 429 5 63 81 80
858 17 11 9 8 619 6 64 69 380
859 17 16 12 9 411 4 26 29 140
860 17 7 5 4 156 5 27 56 120
861 15 12 10 6 765 2 7 25 520
862 17 16 12 9 366 4 8 13 110
863 8 7 5 4 303 5 14 19 50
864 8 7 5 4 303 5 67 70 50
865 9 12 10 7 600 2 11 14 670
866 6 12 10 8 1098 1 26 68 150
867 17 7 5 4 156 5 60 63 120
868 17 16 12 9 412 4 21 26 130
869 17 11 9 8 619 6 11 14 380
870 17 7 5 4 156 5 8 13 120
871 17 16 12 9 412 4 74 77 130
872 7 16 12 9 483 4 27 60 140
873 3 12 10 8 1671 1 27 69 240
874 9 12 10 11 216 2 21 26 250
875 8 7 5 4 303 5 56 61 50
876 9 12 10 7 600 2 70 75 670
877 16 16 12 9 377 4 11 11 160
878 1 12 10 8 1562 1 71 76 260
879 17 16 12 9 370 4 14 19 110
880 17 16 12 9 370 4 70 75 110
881 17 16 12 9 419 4 29 60 130
882 1 7 5 4 428 5 76 81 70
883 15 7 5 4 426 5 11 27 80
884 7 16 12 9 483 4 74 81 140
885 3 12 10 8 1595 1 63 81 240
886 1 12 10 8 1437 1 74 74 230
887 11 12 10 8 1117 1 14 56 190
888 17 16 12 9 411 4 20 25 140
889 15 7 5 4 388 5 1 18 80
890 17 16 12 9 366 4 14 19 110
891 15 7 5 4 378 5 20 62 60
892 9 12 10 11 492 2 56 61 440
893 15 12 10 6 754 2 60 76 520
894 1 12 10 8 1380 1 25 25 220
895 16 12 10 9 867 3 25 28 2090
896 15 7 5 4 382 5 1 18 70
897 17 16 12 9 419 4 76 81 130
898 17 16 12 9 370 4 27 56 110
899 15 12 10 6 744 2 63 81 620
900 17 16 12 9 470 4 27 56 140
901 17 16 12 9 419 4 21 26 130
902 17 16 12 9 419 4 18 21 130
903 17 7 5 4 146 5 26 29 130
904 11 12 10 8 1311 1 57 75 290
905 1 7 5 4 322 5 21 26 60
906 17 7 5 4 146 5 64 69 130
907 11 12 10 8 1246 1 21 63 210
908 3 12 10 8 1594 1 19 61 240
909 17 11 9 8 619 6 6 11 380
910 4 12 10 6 659 2 71 76 760
911 9 12 10 11 270 2 14 19 280
912 1 12 10 8 1380 1 67 67 220
913 17 7 5 4 146 5 74 77 130
914 17 11 9 8 619 6 7 12 380
915 17 16 12 9 419 4 19 22 130
916 1 7 5 4 401 5 56 61 80
917 8 7 5 4 438 5 18 21 70
918 11 12 10 8 1154 1 8 26 200
919 7 16 12 9 483 4 11 18 140
920 17 16 12 9 470 4 71 76 140
921 17 7 5 4 425 5 60 63 150
922 17 16 12 9 412 4 25 25 110
923 17 16 12 9 370 4 15 20 110
924 3 12 10 8 1594 1 4 20 240
925 4 12 10 8 783 2 22 27 660
926 9 12 10 7 600 2 74 77 670
927 9 12 10 11 489 2 25 28 450
928 3 12 10 8 1594 1 27 69 240
929 15 7 5 4 404 5 25 67 80
930 11 7 5 4 427 5 14 56 90
931 17 16 12 9 366 4 19 22 110
932 17 16 12 9 411 4 18 21 140
933 16 16 12 9 377 4 60 60 160
934 15 7 5 4 378 5 63 81 60
935 17 11 9 8 619 6 22 27 380
936 4 12 10 8 690 2 22 27 970
937 17 16 12 9 412 4 14 19 130
938 4 12 10 6 760 2 64 69 580
939 14 16 12 9 465 4 14 56 130
940 9 12 10 11 378 2 8 13 230
941 17 7 5 4 146 5 20 25 130
942 11 7 5 4 263 5 20 62 70
943 4 12 10 8 544 2 71 76 650
944 17 16 12 9 370 4 74 77 110
945 9 12 10 11 492 2 25 28 440
946 9 12 10 11 216 2 64 69 250
947 8 7 5 4 377 5 12 12 70
948 9 12 10 11 378 2 13 18 230
949 9 12 10 11 489 2 57 62 450
950 15 7 5 4 404 5 63 81 80
951 1 12 10 8 1308 1 81 81 220
952 10 7 5 4 429 5 20 62 80
953 11 12 10 8 1117 1 28 70 190
954 9 12 10 11 489 2 15 20 450
955 11 7 5 4 396 5 21 63 70
956 17 7 5 4 156 5 18 21 120
957 8 7 5 4 432 5 11 14 70
958 9 12 10 11 198 2 69 74 190
959 15 7 5 4 382 5 27 69 70
960 15 12 10 6 765 2 27 69 520
961 1 7 5 4 432 5 57 62 80
962 17 16 12 9 370 4 25 28 110
963 13 12 10 9 1229 3 22 27 490
964 17 16 12 9 419 4 6 11 130
965 7 16 12 9 483 4 70 77 140
966 17 16 12 9 412 4 63 68 130
967 4 12 10 6 593 2 71 76 650
968 17 7 5 4 156 5 19 22 120
969 8 7 5 4 432 5 70 75 70
970 11 12 10 8 1117 1 61 77 190
971 17 16 12 9 412 4 64 69 130
972 17 7 5 4 146 5 71 76 130
973 17 11 9 8 619 6 71 76 380
974 15 12 10 6 744 2 27 69 620
975 9 12 10 11 216 2 71 76 250
976 14 16 12 9 465 4 4 20 130
977 1 7 5 4 428 5 62 67 90
978 6 12 10 8 1091 1 28 70 150
979 10 7 5 4 426 5 57 75 120
980 11 7 5 4 393 5 12 28 60
981 17 16 12 9 366 4 18 21 110
982 17 7 5 4 425 5 75 78 150
983 9 12 10 11 378 2 60 63 230
984 17 16 12 9 412 4 26 29 130
985 10 7 5 4 429 5 5 21 80
986 7 16 12 9 527 4 67 74 160
987 11 7 5 4 398 5 14 56 70
988 17 16 12 9 370 4 20 25 110
989 17 16 12 9 419 4 5 8 130
990 17 16 12 9 470 4 26 29 140
991 7 16 12 9 527 4 14 21 160
992 9 12 10 11 341 2 67 70 350
993 13 12 10 9 1229 3 64 69 490
994 3 12 10 8 1621 1 13 13 230
995 17 16 12 9 412 4 61 64 110
996 16 12 10 9 867 3 67 70 2090
997 17 16 12 9 412 4 69 74 130
998 11 7 5 4 263 5 25 67 70
999 4 12 10 8 674 2 15 20 700
1000 15 7 5 4 378 5 25 67 60
1001 17 7 5 4 146 5 62 67 130
1002 1 7 5 4 432 5 20 25 60
1003 4 12 10 6 677 2 71 76 940
1004 17 7 5 4 425 5 20 25 150
1005 13 12 10 9 1229 3 57 62 490
1006 11 12 10 8 1046 1 12 28 180
1007 17 7 5 4 146 5 63 68 130
1008 17 11 9 8 619 6 18 21 380
1009 9 12 10 11 198 2 25 28 190
1010 17 7 5 4 156 5 28 57 120
1011 9 12 10 11 489 2 14 19 450
1012 15 12 10 6 765 2 18 60 520
1013 1 7 5 4 427 5 71 76 90
1014 9 12 10 7 600 2 18 21 670
1015 9 12 10 7 600 2 6 11 670
1016 10 7 5 4 429 5 11 27 80
1017 17 16 12 9 419 4 26 29 130
1018 15 12 10 6 765 2 1 18 520
1019 4 12 10 8 783 2 64 69 660
1020 14 16 12 9 465 4 56 74 130
1021 17 7 5 4 156 5 26 29 120
1022 17 16 12 9 411 4 21 26 140
1023 1 12 10 8 1670 1 11 11 240
1024 10 7 5 4 426 5 26 68 120
1025 9 12 10 11 381 2 64 69 230
1026 1 7 5 4 398 5 56 61 70
1027 9 12 10 11 325 2 13 18 210
1028 1 7 5 4 400 5 70 75 70
1029 17 16 12 9 370 4 69 74 110
1030 11 7 5 4 434 5 7 25 90
1031 17 16 12 9 419 4 22 27 130
1032 8 7 5 4 377 5 19 19 70
1033 9 12 10 11 216 2 22 27 250
1034 17 7 5 4 146 5 28 57 130
1035 1 7 5 4 432 5 69 74 60
1036 4 12 10 6 545 2 71 76 360
1037 1 7 5 4 428 5 71 76 90
1038 1 7 5 4 394 5 15 20 60
1039 17 16 12 9 470 4 28 57 140
1040 1 7 5 4 427 5 22 27 90
1041 1 7 5 4 428 5 69 74 90
1042 17 11 9 8 619 6 62 67 380
1043 11 12 10 8 1246 1 5 21 210
1044 6 12 10 8 1091 1 26 68 150
1045 11 7 5 4 360 5 56 74 60
1046 1 7 5 4 394 5 12 12 60
1047 17 16 12 9 412 4 20 25 130
1048 17 16 12 9 419 4 28 57 130
1049 8 7 5 4 377 5 75 75 70
1050 17 7 5 4 156 5 7 12 120
1051 15 12 10 6 765 2 60 76 520
1052 11 7 5 4 405 5 4 20 80
1053 1 12 10 8 1437 1 76 76 230
1054 8 7 5 4 432 5 27 56 70
1055 17 16 12 9 470 4 29 60 140
1056 17 16 12 9 411 4 60 63 140
1057 9 12 10 11 216 2 7 12 250
1058 3 12 10 8 1554 1 4 20 230
1059 1 7 5 4 430 5 13 18 70
1060 12 16 12 9 320 4 60 63 100
1061 15 12 10 6 754 2 1 13 520
1062 11 12 10 8 1046 1 20 62 180
1063 11 7 5 4 360 5 4 20 60
1064 17 16 12 9 411 4 25 28 140
1065 8 7 5 4 438 5 11 14 70
1066 7 16 12 9 527 4 56 63 160
1067 4 12 10 8 674 2 57 62 700
1068 9 12 10 11 216 2 74 77 250
1069 17 7 5 4 425 5 11 14 150
1070 16 12 10 9 867 3 69 74 2090
1071 9 12 10 11 198 2 63 68 190
1072 17 11 9 8 619 6 74 77 380
1073 1 12 10 8 1637 1 81 81 240
1074 7 16 12 9 483 4 21 28 140
1075 4 12 10 8 783 2 71 76 660
1076 11 7 5 4 405 5 14 56 80
1077 1 7 5 4 428 5 64 69 90
1078 7 16 12 9 293 4 4 11 110
1079 1 7 5 4 400 5 63 68 70
1080 17 11 9 8 619 6 69 74 380
1081 17 7 5 4 146 5 69 74 130
1082 17 7 5 4 156 5 29 60 120
1083 15 7 5 4 388 5 1 13 80
1084 1 7 5 4 394 5 57 62 60
1085 9 12 10 11 216 2 69 74 250
1086 11 12 10 8 1154 1 25 67 200
1087 17 16 12 9 370 4 5 8 110
1088 1 7 5 4 322 5 70 75 60
1089 17 16 12 9 412 4 15 20 130
1090 17 7 5 4 146 5 7 12 130
1091 11 7 5 4 396 5 1 19 70
1092 9 12 10 11 325 2 25 28 210
1093 17 16 12 9 366 4 67 70 110
1094 9 12 10 11 378 2 29 60 230
1095 9 12 10 11 378 2 67 70 230
1096 17 16 12 9 411 4 75 78 140
1097 9 12 10 11 378 2 18 21 230
1098 9 12 10 11 492 2 14 19 440
1099 2 16 12 9 495 4 56 56 130
1100 4 12 10 6 760 2 71 76 580
1101 17 16 12 9 419 4 71 76 130
1102 17 16 12 9 370 4 62 67 110
1103 17 16 12 9 370 4 61 64 110
1104 17 11 9 8 619 6 26 29 380
1105 17 16 12 9 370 4 22 27 110
1106 1 7 5 4 397 5 63 68 70
1107 4 12 10 8 544 2 64 69 650
1108 4 12 10 8 690 2 64 69 970
1109 17 16 12 9 412 4 71 76 130
1110 11 12 10 8 1117 1 56 74 190
1111 1 7 5 4 432 5 69 74 80
1112 17 16 12 9 412 4 26 29 110
1113 17 16 12 9 470 4 21 26 140
1114 1 12 10 8 1670 1 74 74 240
1115 9 12 10 11 270 2 67 70 280
1116 15 7 5 4 424 5 1 18 70
1117 10 7 5 4 429 5 57 75 80
1118 11 7 5 4 393 5 1 13 60
1119 1 12 10 8 1637 1 18 18 240
1120 9 12 10 7 600 2 60 63 670
1121 15 7 5 4 382 5 1 13 70
1122 11 7 5 4 360 5 14 56 60
1123 11 7 5 4 429 5 56 74 90
1124 17 7 5 4 146 5 20 25 130
1125 11 7 5 4 263 5 7 25 70
1126 17 16 12 9 419 4 28 57 130
1127 8 7 5 4 376 5 14 19 70
1128 10 7 5 4 426 5 5 21 120
1129 1 7 5 4 436 5 57 62 80
1130 11 7 5 4 427 5 5 21 90
1131 17 11 9 8 619 6 15 20 380
1132 3 12 10 8 1554 1 63 81 230
1133 17 16 12 9 412 4 61 64 130
1134 1 12 10 8 1308 1 11 11 220
1135 9 12 10 8 851 2 57 62 880
1136 15 7 5 4 378 5 7 25 60
1137 4 12 10 8 790 2 64 69 710
1138 15 7 5 4 424 5 60 76 70
1139 17 16 12 9 366 4 15 20 110
1140 11 7 5 4 434 5 63 81 90
1141 11 7 5 4 430 5 28 70 80
1142 17 7 5 4 156 5 13 18 120
1143 9 12 10 11 325 2 56 61 210
1144 8 7 5 4 432 5 63 68 70
1145 11 12 10 8 1117 1 19 61 190
1146 1 7 5 4 436 5 15 20 80
1147 9 12 10 11 216 2 62 67 250
1148 11 7 5 4 434 5 21 63 90
1149 1 7 5 4 432 5 62 67 60
1150 17 7 5 4 425 5 76 81 150
1151 9 12 10 11 270 2 57 62 280
1152 11 7 5 4 398 5 19 61 70
1153 17 7 5 4 156 5 71 76 120
1154 3 12 10 8 1566 1 56 74 260
1155 6 12 10 8 1098 1 25 67 150
1156 11 12 10 8 1046 1 63 81 180
1157 14 16 12 9 465 4 61 77 130
1158 8 7 5 4 349 5 19 19 60
1159 15 7 5 4 404 5 11 27 80
1160 11 12 10 8 1046 1 7 25 180
1161 17 16 12 9 470 4 64 69 140
1162 6 12 10 8 1091 1 1 14 150
1163 11 7 5 4 427 5 57 75 90
1164 1 7 5 4 405 5 56 61 70
1165 17 16 12 9 412 4 62 67 130
1166 12 16 12 9 320 4 18 21 100
1167 11 12 10 8 1172 1 28 70 210
1168 10 7 5 4 426 5 27 69 120
1169 15 7 5 4 388 5 20 62 80
1170 9 12 10 11 198 2 27 56 190
1171 17 16 12 9 411 4 19 22 140
1172 11 7 5 4 398 5 60 76 70
1173 11 7 5 4 393 5 14 56 60
1174 17 16 12 9 470 4 74 77 140
1175 15 7 5 4 382 5 20 62 70
1176 1 7 5 4 427 5 57 62 70
1177 8 7 5 4 332 5 68 68 90
1178 9 12 10 11 270 2 62 67 280
1179 1 7 5 4 432 5 62 67 80
1180 9 12 10 11 216 2 29 60 250
1181 3 12 10 8 1621 1 25 67 230
1182 4 12 10 8 1026 2 71 76 960
1183 9 12 10 11 378 2 25 28 230
1184 17 7 5 4 146 5 21 26 130
1185 17 16 12 9 412 4 25 25 110
1186 11 7 5 4 430 5 57 75 80
1187 10 7 5 4 429 5 1 14 80
1188 8 7 5 4 349 5 26 26 60
1189 1 12 10 8 1637 1 60 60 240
1190 9 12 10 11 489 2 56 61 450
1191 9 12 10 11 198 2 74 77 190
1192 11 12 10 8 1172 1 26 68 210
1193 1 7 5 4 394 5 76 81 60
1194 16 12 10 9 867 3 13 18 2090
1195 1 7 5 4 432 5 15 20 60
1196 12 16 12 9 320 4 67 70 100
1197 14 16 12 9 465 4 18 60 130
1198 12 16 12 9 320 4 14 19 100
1199 17 16 12 9 419 4 21 26 130
1200 12 16 12 9 320 4 11 14 100
1201 17 7 5 4 425 5 70 75 150
1202 10 7 5 4 429 5 1 12 80
1203 11 12 10 8 1154 1 27 69 200
1204 3 12 10 8 1554 1 27 69 230
1205 6 12 10 8 1091 1 11 11 150
1206 9 12 10 11 341 2 56 61 350
1207 11 7 5 4 434 5 18 60 90
1208 9 12 10 11 270 2 13 18 280
1209 16 12 10 9 867 3 63 68 2090
1210 16 12 10 9 867 3 62 67 2090
1211 10 7 5 4 426 5 4 20 120
1212 17 16 12 9 412 4 57 62 110
1213 1 7 5 4 394 5 29 60 60
1214 17 16 12 9 470 4 22 27 140
1215 17 7 5 4 156 5 18 21 120
1216 8 7 5 4 377 5 68 68 70
1217 17 7 5 4 146 5 76 81 130
1218 9 12 10 11 341 2 63 68 350
1219 9 12 10 11 325 2 76 81 210
1220 9 12 10 11 489 2 27 56 450
1221 17 16 12 9 370 4 68 71 110
1222 11 12 10 8 1046 1 11 27 180
1223 1 7 5 4 356 5 63 68 70
1224 9 12 10 11 325 2 20 25 210
1225 15 7 5 4 426 5 20 62 80
1226 10 7 5 4 426 5 7 25 120
1227 6 12 10 8 1091 1 4 20 150
1228 11 7 5 4 427 5 63 81 90
1229 17 16 12 9 470 4 15 20 140
1230 2 16 12 9 495 4 61 61 130
1231 17 16 12 9 411 4 76 81 140
1232 14 16 12 9 464 4 7 25 130
1233 2 16 12 9 495 4 28 28 130
1234 16 16 12 9 377 4 56 56 160
1235 17 7 5 4 425 5 12 15 150
1236 10 7 5 4 426 5 56 74 120
1237 11 7 5 4 360 5 18 60 60
1238 17 16 12 9 370 4 13 18 110
1239 14 16 12 9 464 4 14 56 130
1240 13 12 10 9 846 3 22 27 650
1241 9 12 10 11 381 2 70 75 230
1242 9 12 10 8 851 2 27 56 880
1243 9 12 10 11 489 2 21 26 450
1244 15 7 5 4 378 5 1 18 60
1245 11 7 5 4 263 5 27 69 70
1246 17 16 12 9 412 4 11 11 110
1247 6 12 10 8 1091 1 56 74 150
1248 1 12 10 8 1437 1 60 60 230
1249 6 12 10 8 1091 1 61 77 150
1250 1 7 5 4 394 5 69 74 60
1251 14 16 12 9 465 4 60 76 130
1252 1 7 5 4 394 5 14 19 60
1253 8 7 5 4 376 5 74 77 70
1254 11 7 5 4 427 5 26 68 90
1255 15 7 5 4 424 5 1 13 70
1256 17 16 12 9 412 4 60 63 130
1257 11 7 5 4 430 5 8 26 80
1258 16 12 10 9 867 3 56 61 2090
1259 1 7 5 4 436 5 20 25 80
1260 10 7 5 4 426 5 14 56 120
1261 10 7 5 4 426 5 11 27 120
1262 11 7 5 4 430 5 5 21 80
1263 10 7 5 4 429 5 27 69 80
1264 9 12 10 11 378 2 71 76 230
1265 17 7 5 4 156 5 22 27 120
1266 11 12 10 8 1046 1 26 68 180
1267 11 7 5 4 263 5 14 56 70
1268 11 7 5 4 393 5 7 25 60
1269 9 12 10 11 489 2 6 11 450
1270 17 16 12 9 419 4 18 21 130
1271 17 7 5 4 156 5 6 11 120
1272 11 7 5 4 360 5 60 76 60
1273 15 12 10 6 744 2 18 60 620
1274 1 7 5 4 426 5 14 19 80
1275 1 12 10 8 1562 1 27 27 260
1276 9 12 10 11 216 2 8 13 250
1277 3 12 10 8 1594 1 11 27 240
1278 15 7 5 4 378 5 1 13 60
1279 10 7 5 4 429 5 61 77 80
1280 1 7 5 4 436 5 8 13 80
1281 12 16 12 9 320 4 7 12 100
1282 1 7 5 4 356 5 56 61 70
1283 17 16 12 9 419 4 12 15 130
1284 11 7 5 4 430 5 1 13 80
1285 17 16 12 9 366 4 76 81 110
1286 11 12 10 8 1046 1 25 67 180
1287 17 7 5 4 156 5 12 15 120
1288 10 7 5 4 429 5 14 56 80
1289 8 7 5 4 377 5 75 75 70
1290 1 7 5 4 430 5 69 74 70
1291 3 12 10 8 1671 1 56 74 240
1292 11 7 5 4 398 5 21 63 70
1293 7 16 12 9 527 4 27 60 160
1294 3 12 10 8 1621 1 11 27 230
1295 17 16 12 9 366 4 29 60 110
1296 14 16 12 9 465 4 1 18 130
1297 11 12 10 8 1117 1 57 75 190
1298 10 7 5 4 429 5 18 60 80
1299 15 7 5 4 378 5 27 69 60
1300 17 16 12 9 412 4 64 69 110
1301 8 7 5 4 438 5 56 61 70
1302 17 16 12 9 370 4 75 78 110
1303 8 7 5 4 332 5 75 75 90
1304 11 7 5 4 427 5 20 62 90
1305 11 7 5 4 398 5 1 18 70
1306 14 16 12 9 464 4 27 69 130
1307 17 7 5 4 146 5 14 19 130
1308 17 11 9 8 619 6 13 18 380
1309 17 16 12 9 419 4 22 27 130
1310 17 7 5 4 156 5 7 12 120
1311 11 7 5 4 430 5 1 19 80
1312 1 7 5 4 428 5 20 25 90
1313 8 7 5 4 376 5 67 70 70
1314 17 7 5 4 425 5 7 12 150
1315 3 12 10 8 1566 1 8 26 260
1316 11 7 5 4 396 5 63 81 70
1317 8 7 5 4 303 5 60 63 50
1318 3 12 10 8 1595 1 8 26 240
1319 17 11 9 8 619 6 15 20 380
1320 13 12 10 9 1229 3 71 76 490
1321 17 7 5 4 156 5 11 14 120
1322 17 11 9 8 619 6 20 25 380
1323 11 12 10 8 1117 1 20 62 190
1324 16 12 10 9 867 3 20 25 2090
1325 4 12 10 8 919 2 15 20 980
1326 15 7 5 4 378 5 18 60 60
1327 9 12 10 11 489 2 63 68 450
1328 17 16 12 9 412 4 57 62 130
1329 17 7 5 4 156 5 64 69 120
1330 9 12 10 11 216 2 15 20 250
1331 17 16 12 9 370 4 8 13 110
1332 11 12 10 8 1117 1 18 60 190
1333 11 7 5 4 360 5 1 13 60
1334 17 16 12 9 412 4 18 21 130
1335 1 12 10 8 1670 1 76 76 240
1336 3 12 10 8 1594 1 56 74 240
1337 17 16 12 9 419 4 64 69 130
1338 11 7 5 4 398 5 25 67 70
1339 6 12 10 8 1091 1 25 67 150
1340 1 7 5 4 436 5 71 76 80
1341 16 16 12 9 377 4 18 18 160
1342 11 7 5 4 393 5 27 69 60
1343 17 7 5 4 146 5 6 11 130
1344 9 12 10 11 198 2 70 75 190
1345 1 12 10 8 1308 1 18 18 220
1346 17 16 12 9 370 4 20 25 110
1347 8 7 5 4 349 5 68 68 60
1348 9 12 10 7 600 2 29 60 670
1349 17 16 12 9 419 4 7 12 130
1350 1 7 5 4 430 5 29 60 70
1351 9 12 10 11 270 2 70 75 280
1352 17 16 12 9 366 4 69 74 110
1353 11 12 10 8 1246 1 19 61 210
1354 1 7 5 4 427 5 64 69 70
1355 3 12 10 8 1554 1 13 13 230
1356 1 7 5 4 401 5 12 12 80
1357 8 7 5 4 438 5 25 28 70
1358 11 12 10 8 1046 1 14 56 180
1359 17 16 12 9 419 4 57 62 130
1360 1 7 5 4 397 5 12 12 70
1361 7 16 12 9 483 4 63 70 140
1362 17 16 12 9 419 4 14 19 130
1363 1 7 5 4 428 5 69 74 70
1364 9 12 10 11 489 2 64 69 450
1365 11 7 5 4 430 5 19 61 80
1366 1 7 5 4 436 5 13 18 80
1367 11 12 10 8 1209 1 56 74 210
1368 4 12 10 6 760 2 57 62 580
1369 17 11 9 8 619 6 63 68 380
1370 1 12 10 8 1670 1 25 25 240
1371 9 12 10 11 381 2 25 28 230
1372 17 7 5 4 146 5 18 21 130
1373 9 12 10 11 489 2 20 25 450
1374 9 12 10 11 378 2 27 56 230
1375 15 7 5 4 388 5 18 60 80
1376 7 16 12 9 534 4 56 56 130
1377 9 12 10 11 325 2 18 21 210
1378 16 16 12 9 377 4 11 11 160
1379 3 12 10 8 1554 1 19 61 230
1380 6 12 10 8 1091 1 60 76 150
1381 11 12 10 8 1172 1 1 18 210
1382 11 12 10 8 1117 1 63 81 190
1383 1 7 5 4 436 5 62 67 80
1384 9 12 10 11 216 2 63 68 250
1385 15 7 5 4 378 5 11 27 60
1386 15 7 5 4 382 5 18 60 70
1387 17 11 9 8 619 6 25 28 380
1388 8 7 5 4 377 5 19 19 70
1389 8 7 5 4 377 5 61 61 70
1390 4 12 10 8 674 2 71 76 700
1391 4 12 10 8 812 2 64 69 1040
1392 11 7 5 4 405 5 1 13 80
1393 17 16 12 9 412 4 60 63 110
1394 17 7 5 4 146 5 11 14 130
1395 3 12 10 8 1554 1 8 26 230
1396 17 7 5 4 156 5 19 22 120
1397 17 16 12 9 366 4 61 64 110
1398 17 11 9 8 619 6 20 25 380
1399 1 12 10 8 1437 1 67 67 230
1400 6 12 10 8 1091 1 11 27 150
1401 1 7 5 4 427 5 15 20 90
1402 4 12 10 8 812 2 57 62 1040
1403 8 7 5 4 432 5 60 63 70
1404 4 12 10 6 592 2 64 69 610
1405 11 7 5 4 405 5 1 18 80
1406 16 16 12 9 377 4 19 19 160
1407 17 16 12 9 419 4 11 14 130
1408 17 16 12 9 370 4 67 70 110
1409 4 12 10 6 659 2 64 69 760
1410 1 12 10 8 1637 1 67 67 240
1411 16 12 10 9 867 3 70 75 2090
1412 9 12 10 11 378 2 56 61 230
1413 16 16 12 9 377 4 25 25 160
1414 15 7 5 4 424 5 25 67 70
1415 14 16 12 9 464 4 12 28 130
1416 15 7 5 4 426 5 60 76 80
1417 17 16 12 9 366 4 22 27 110
1418 17 16 12 9 411 4 74 77 140
1419 15 7 5 4 388 5 60 76 80
1420 7 16 12 9 293 4 67 74 110
1421 15 12 10 6 744 2 56 74 620
1422 9 12 10 11 325 2 6 11 210
1423 17 16 12 9 470 4 19 22 140
1424 11 12 10 8 1046 1 56 74 180
1425 11 7 5 4 360 5 20 62 60
1426 11 7 5 4 427 5 25 67 90
1427 17 11 9 8 619 6 68 71 380
1428 1 7 5 4 428 5 29 60 70
1429 8 7 5 4 349 5 61 61 60
1430 11 7 5 4 405 5 20 62 80
1431 10 7 5 4 426 5 61 77 120
1432 11 7 5 4 263 5 11 27 70
1433 2 16 12 9 495 4 75 75 130
1434 9 12 10 11 378 2 70 75 230
1435 15 7 5 4 382 5 60 76 70
1436 10 7 5 4 426 5 18 60 120
1437 17 16 12 9 419 4 19 22 130
1438 11 7 5 4 405 5 60 76 80
1439 8 7 5 4 376 5 7 12 70
1440 17 7 5 4 146 5 19 22 130
1441 11 7 5 4 398 5 20 62 70
1442 10 7 5 4 426 5 12 28 120
1443 17 16 12 9 412 4 76 81 130
1444 1 7 5 4 398 5 14 19 70
1445 1 7 5 4 405 5 12 12 70
1446 17 7 5 4 156 5 14 19 120
1447 8 7 5 4 303 5 11 14 50
1448 9 12 10 11 325 2 60 63 210
1449 7 16 12 9 527 4 21 28 160
1450 4 12 10 6 593 2 15 20 650
1451 9 12 10 11 270 2 20 25 280
1452 17 16 12 9 470 4 76 81 140
1453 17 16 12 9 412 4 19 22 130
1454 17 7 5 4 425 5 8 13 150
1455 10 7 5 4 429 5 12 28 80
1456 9 12 10 11 216 2 27 56 250
1457 5 12 10 8 1106 1 61 61 140
1458 9 12 10 11 489 2 62 67 450
1459 9 12 10 11 270 2 56 61 280
1460 6 12 10 8 1091 1 1 18 150
1461 4 12 10 8 812 2 71 76 1040
1462 10 7 5 4 429 5 7 25 80
1463 4 12 10 8 880 2 22 27 1670
1464 17 7 5 4 156 5 76 81 120
1465 8 7 5 4 377 5 26 26 70
1466 11 12 10 8 1117 1 12 28 190
1467 3 12 10 8 1594 1 25 67 240
1468 9 12 10 11 378 2 63 68 230
1469 11 12 10 8 1246 1 18 60 210
1470 9 12 10 11 341 2 62 67 350
1471 17 7 5 4 425 5 69 74 150
1472 17 7 5 4 146 5 60 63 130
1473 13 12 10 9 846 3 15 20 650
1474 6 12 10 8 1098 1 21 63 150
1475 1 7 5 4 427 5 71 76 70
1476 15 7 5 4 382 5 11 27 70
1477 17 16 12 9 412 4 76 81 110
1478 11 7 5 4 263 5 26 68 70
1479 9 12 10 11 198 2 67 70 190
1480 11 7 5 4 263 5 60 76 70
1481 17 16 12 9 411 4 15 20 140
1482 8 7 5 4 432 5 18 21 70
1483 9 12 10 11 325 2 57 62 210
1484 16 12 10 9 867 3 27 56 2090
1485 11 7 5 4 360 5 1 18 60
1486 10 7 5 4 429 5 56 74 80
1487 9 12 10 11 489 2 13 18 450
1488 1 7 5 4 432 5 8 13 60
1489 9 12 10 11 325 2 21 26 210
1490 15 7 5 4 378 5 60 76 60
1491 17 11 9 8 619 6 70 75 380
1492 9 12 10 11 270 2 63 68 280
1493 11 7 5 4 393 5 11 27 60
1494 9 12 10 11 492 2 74 77 440
1495 17 16 12 9 366 4 22 27 110
1496 17 7 5 4 425 5 29 60 150
1497 17 7 5 4 156 5 11 14 120
1498 1 12 10 8 1308 1 60 60 220
1499 17 11 9 8 619 6 75 78 380
1500 11 12 10 8 1046 1 1 18 180
1501 10 7 5 4 429 5 4 20 80
1502 4 12 10 8 871 2 15 20 740
1503 9 12 10 11 216 2 70 75 250
1504 17 16 12 9 412 4 14 19 130
1505 11 7 5 4 430 5 63 81 80
1506 17 16 12 9 366 4 19 22 110
1507 9 12 10 6 443 2 22 27 710
1508 17 7 5 4 146 5 14 19 130
1509 1 7 5 4 398 5 21 26 70
1510 9 12 10 8 851 2 63 68 880
1511 17 16 12 9 411 4 61 64 140
1512 17 7 5 4 425 5 74 77 150
1513 17 7 5 4 425 5 15 20 150
1514 17 16 12 9 370 4 27 56 110
1515 14 16 12 9 465 4 11 27 130
1516 9 12 10 11 198 2 15 20 190
1517 11 7 5 4 360 5 26 68 60
1518 11 7 5 4 430 5 21 63 80
1519 8 7 5 4 349 5 14 14 60
1520 11 7 5 4 405 5 26 68 80
1521 11 7 5 4 434 5 26 68 90
1522 9 12 10 11 489 2 71 76 450
1523 11 12 10 8 1246 1 20 62 210
1524 11 7 5 4 430 5 25 67 80
1525 1 12 10 8 1380 1 76 76 220
1526 1 7 5 4 356 5 70 75 70
1527 1 7 5 4 427 5 62 67 70
1528 1 12 10 8 1308 1 62 62 220
