nbCamions 1509
Id_truck Arrival_time Length Width Height Max_weight Cost
0 68 135 25 29 28000 1500
1 69 135 25 30 25000 1500
2 60 135 25 30 25000 1500
3 57 135 25 30 25000 1500
4 60 135 25 30 25000 1500
5 74 135 25 30 25000 1500
6 13 135 25 30 24000 1500
7 27 135 25 30 25000 1500
8 49 135 25 28 25000 1500
9 21 135 25 29 24000 1500
10 63 135 25 30 25000 1500
11 15 135 25 30 25000 1500
12 69 135 25 31 24000 1500
13 55 135 25 30 25000 1500
14 70 135 25 30 25000 1500
15 62 135 25 30 25000 1500
16 62 135 25 30 25000 1500
17 70 135 25 28 25000 1500
18 9 135 25 30 25000 1500
19 62 135 25 30 25000 1500
20 67 135 25 30 24000 1500
21 26 135 25 30 25500 1500
22 27 135 25 30 24000 1500
23 28 135 25 30 25000 1500
24 28 135 25 30 25000 1500
25 28 135 25 30 25000 1500
26 74 135 25 30 25000 1500
27 50 135 25 30 25000 1500
28 28 135 25 30 25000 1500
29 22 135 25 30 25000 1500
30 12 135 25 30 25000 1500
31 25 135 25 30 24000 1500
32 54 135 25 28 25000 1500
33 27 135 25 30 24000 1500
34 21 135 25 30 25500 1500
35 64 135 25 29 25000 1500
36 61 135 25 30 25000 1500
37 11 135 25 30 25000 1500
38 15 135 25 30 25000 1500
39 64 135 25 29 25000 1500
40 67 135 25 30 25000 1500
41 62 135 25 28 25000 1500
42 27 135 25 30 24000 1500
43 53 135 25 30 25000 1500
44 54 135 25 30 25000 1500
45 27 135 25 29 25000 1500
46 19 135 25 30 25000 1500
47 49 135 25 30 28000 1500
48 53 135 25 30 25000 1500
49 54 135 25 30 25000 1500
50 53 135 25 30 25000 1500
51 53 135 25 30 25000 1500
52 53 135 25 30 25000 1500
53 53 135 25 30 25000 1500
54 27 135 25 29 25000 1500
55 49 135 25 29 25000 1500
56 71 135 25 30 25000 1500
57 11 135 25 30 25500 1500
58 20 135 25 30 25000 1500
59 9 135 25 29 24000 1500
60 20 135 25 30 24000 1500
61 60 135 25 29 25000 1500
62 57 135 25 29 24000 1500
63 57 135 25 30 24000 1500
64 49 135 25 30 25500 1500
65 61 135 25 30 25000 1500
66 13 135 25 30 25500 1500
67 15 135 25 31 24000 1500
68 57 135 25 29 28000 1500
69 55 135 25 29 28000 1500
70 55 135 25 30 24000 1500
71 62 135 25 30 25000 1500
72 70 135 25 30 25500 1500
73 11 135 25 28 25000 1500
74 19 135 25 29 25000 1500
75 68 135 25 28 28000 1500
76 53 135 25 30 24000 1500
77 53 135 25 30 24000 1500
78 8 135 25 30 25000 1500
79 28 135 25 30 25000 1500
80 18 135 25 30 24000 1500
81 63 135 25 30 25000 1500
82 54 135 25 29 24000 1500
83 21 135 25 29 26000 1500
84 20 135 25 30 25000 1500
85 53 135 25 30 25000 1500
86 68 135 25 29 26000 1500
87 26 135 25 29 28000 1500
88 53 135 25 30 25000 1500
89 15 135 25 30 28000 1500
90 67 135 25 30 25000 1500
91 70 135 25 29 25000 1500
92 22 135 25 29 24000 1500
93 62 135 25 30 24000 1500
94 60 135 25 30 25000 1500
95 22 135 25 30 25000 1500
96 57 135 25 30 25000 1500
97 22 135 25 29 24000 1500
98 25 135 25 30 25000 1500
99 13 135 25 30 25000 1500
100 12 135 25 30 25000 1500
101 12 135 25 30 25000 1500
102 57 135 25 30 25000 1500
103 19 135 25 28 25000 1500
104 15 135 25 30 25000 1500
105 74 135 25 30 28000 1500
106 63 135 25 30 28000 1500
107 62 135 25 30 24000 1500
108 25 135 25 30 25000 1500
109 55 135 25 30 25000 1500
110 61 135 25 30 25000 1500
111 71 135 25 30 25000 1500
112 50 135 25 30 25000 1500
113 22 135 25 29 24000 1500
114 63 135 25 30 25500 1500
115 13 135 25 30 25000 1500
116 25 135 25 30 25000 1500
117 15 135 25 30 25000 1500
118 62 135 25 30 25000 1500
119 18 135 25 30 25000 1500
120 64 135 25 30 25000 1500
121 54 135 25 30 25000 1500
122 8 135 25 30 25000 1500
123 12 135 25 30 24000 1500
124 68 135 25 30 25500 1500
125 53 135 25 30 24000 1500
126 25 135 25 30 24000 1500
127 20 135 25 30 25000 1500
128 56 135 25 30 25500 1500
129 70 135 25 28 28000 1500
130 63 135 25 29 24000 1500
131 70 135 25 30 28000 1500
132 27 135 25 29 24000 1500
133 54 135 25 28 28000 1500
134 62 135 25 30 25000 1500
135 74 135 25 30 25000 1500
136 20 135 25 30 25000 1500
137 74 135 25 30 25000 1500
138 20 135 25 30 24000 1500
139 69 135 25 30 25000 1500
140 13 135 25 29 25000 1500
141 71 135 25 30 25000 1500
142 63 135 25 28 28000 1500
143 11 135 25 30 28000 1500
144 12 135 25 30 24000 1500
145 20 135 25 28 25000 1500
146 68 135 25 29 24000 1500
147 9 135 25 29 25000 1500
148 8 135 25 30 25000 1500
149 49 135 25 30 25000 1500
150 71 135 25 30 25000 1500
151 22 135 25 30 24000 1500
152 27 135 25 29 24000 1500
153 27 135 25 29 24000 1500
154 9 135 25 29 25000 1500
155 74 135 25 30 25000 1500
156 71 135 25 30 24000 1500
157 19 135 25 30 25000 1500
158 71 135 25 30 25000 1500
159 61 135 25 30 25000 1500
160 56 135 25 29 24000 1500
161 22 135 25 29 25000 1500
162 20 135 25 30 25000 1500
163 28 135 25 30 28000 1500
164 55 135 25 30 25000 1500
165 8 135 25 30 25000 1500
166 67 135 25 30 25000 1500
167 67 135 25 30 24000 1500
168 64 135 25 30 25000 1500
169 28 135 25 30 24000 1500
170 67 135 25 30 25000 1500
171 56 135 25 30 25000 1500
172 12 135 25 30 25000 1500
173 57 135 25 30 25000 1500
174 15 135 25 30 25000 1500
175 28 135 25 30 28000 1500
176 62 135 25 30 25000 1500
177 27 135 25 29 28000 1500
178 26 135 25 30 25500 1500
179 69 135 25 28 25000 1500
180 22 135 25 30 25000 1500
181 67 135 25 30 25000 1500
182 53 135 25 30 25000 1500
183 64 135 25 30 25000 1500
184 50 135 25 30 25000 1500
185 55 135 25 28 25000 1500
186 68 135 25 30 25000 1500
187 55 135 25 30 24000 1500
188 61 135 25 30 25500 1500
189 69 135 25 30 24000 1500
190 63 135 25 29 25000 1500
191 26 135 25 30 25000 1500
192 12 135 25 30 25000 1500
193 68 135 25 28 25000 1500
194 67 135 25 30 25000 1500
195 12 135 25 30 24000 1500
196 12 135 25 30 24000 1500
197 69 135 25 30 25000 1500
198 53 135 25 30 25000 1500
199 54 135 25 30 25000 1500
200 50 135 25 30 25000 1500
201 70 135 25 30 25000 1500
202 74 135 25 29 25000 1500
203 54 135 25 30 25000 1500
204 13 135 25 28 28000 1500
205 69 135 25 30 25000 1500
206 8 135 25 30 25000 1500
207 61 135 25 30 24000 1500
208 61 135 25 30 24000 1500
209 61 135 25 30 24000 1500
210 68 135 25 29 25000 1500
211 61 135 25 30 25000 1500
212 19 135 25 30 25000 1500
213 19 135 25 28 28000 1500
214 56 135 25 30 25000 1500
215 60 135 25 30 25000 1500
216 56 135 25 30 25000 1500
217 49 135 25 30 25000 1500
218 56 135 25 30 25000 1500
219 53 135 25 30 24000 1500
220 56 135 25 30 25000 1500
221 19 135 25 30 25000 1500
222 64 135 25 30 25000 1500
223 28 135 25 30 24000 1500
224 50 135 25 29 24000 1500
225 18 135 25 28 28000 1500
226 13 135 25 31 24000 1500
227 61 135 25 28 25000 1500
228 28 135 25 30 24000 1500
229 56 135 25 30 25000 1500
230 11 135 25 30 25000 1500
231 74 135 25 30 25000 1500
232 55 135 25 30 24000 1500
233 20 135 25 30 25000 1500
234 60 135 25 30 24000 1500
235 57 135 25 30 25000 1500
236 20 135 25 31 24000 1500
237 27 135 25 30 25000 1500
238 27 135 25 30 25000 1500
239 53 135 25 30 25000 1500
240 64 135 25 30 24000 1500
241 74 135 25 30 24000 1500
242 12 135 25 28 25000 1500
243 21 135 25 28 28000 1500
244 71 135 25 30 25000 1500
245 64 135 25 29 28000 1500
246 25 135 25 30 24000 1500
247 25 135 25 30 24000 1500
248 55 135 25 30 25000 1500
249 55 135 25 30 25000 1500
250 18 135 25 30 25000 1500
251 18 135 25 30 25000 1500
252 71 135 25 29 24000 1500
253 18 135 25 30 25000 1500
254 49 135 25 29 24000 1500
255 18 135 25 30 25000 1500
256 15 135 25 30 25000 1500
257 54 135 25 30 25000 1500
258 61 135 25 29 25000 1500
259 21 135 25 30 25000 1500
260 22 135 25 30 25000 1500
261 25 135 25 30 25000 1500
262 28 135 25 30 25000 1500
263 25 135 25 30 25000 1500
264 63 135 25 28 25000 1500
265 25 135 25 30 25000 1500
266 25 135 25 30 25000 1500
267 18 135 25 30 25000 1500
268 63 135 25 29 26000 1500
269 55 135 25 29 24000 1500
270 69 135 25 30 25000 1500
271 25 135 25 30 25000 1500
272 70 135 25 30 25500 1500
273 28 135 25 30 25000 1500
274 67 135 25 30 28000 1500
275 60 135 25 30 25000 1500
276 63 135 25 30 25500 1500
277 55 135 25 30 25000 1500
278 53 135 25 30 25000 1500
279 53 135 25 30 25000 1500
280 67 135 25 30 24000 1500
281 67 135 25 30 25000 1500
282 63 135 25 30 25000 1500
283 69 135 25 30 24000 1500
284 26 135 25 30 24000 1500
285 50 135 25 29 24000 1500
286 61 135 25 29 25000 1500
287 60 135 25 30 24000 1500
288 57 135 25 30 25000 1500
289 9 135 25 30 25000 1500
290 28 135 25 30 25000 1500
291 15 135 25 30 25000 1500
292 15 135 25 30 25000 1500
293 28 135 25 30 25500 1500
294 53 135 25 30 24000 1500
295 15 135 25 30 25000 1500
296 50 135 25 30 25000 1500
297 15 135 25 30 25000 1500
298 70 135 25 30 25000 1500
299 25 135 25 29 28000 1500
300 74 135 25 30 24000 1500
301 68 135 25 30 25000 1500
302 56 135 25 30 25000 1500
303 56 135 25 30 25000 1500
304 12 135 25 30 24000 1500
305 12 135 25 30 24000 1500
306 49 135 25 30 25000 1500
307 60 135 25 30 28000 1500
308 61 135 25 29 24000 1500
309 64 135 25 29 24000 1500
310 64 135 25 29 24000 1500
311 15 135 25 30 24000 1500
312 12 135 25 29 28000 1500
313 26 135 25 31 24000 1500
314 26 135 25 28 28000 1500
315 11 135 25 30 25000 1500
316 64 135 25 30 25000 1500
317 15 135 25 30 24000 1500
318 50 135 25 30 24000 1500
319 20 135 25 30 25000 1500
320 28 135 25 29 24000 1500
321 74 135 25 30 25500 1500
322 20 135 25 30 25000 1500
323 13 135 25 30 25000 1500
324 20 135 25 30 25000 1500
325 13 135 25 30 25000 1500
326 20 135 25 30 24000 1500
327 13 135 25 30 25000 1500
328 13 135 25 30 25000 1500
329 74 135 25 30 25500 1500
330 61 135 25 30 25000 1500
331 20 135 25 30 25000 1500
332 20 135 25 29 28000 1500
333 27 135 25 30 25000 1500
334 49 135 25 30 25000 1500
335 64 135 25 30 25000 1500
336 71 135 25 30 25000 1500
337 62 135 25 30 28000 1500
338 62 135 25 30 28000 1500
339 26 135 25 29 24000 1500
340 13 135 25 30 24000 1500
341 8 135 25 30 25000 1500
342 71 135 25 30 24000 1500
343 68 135 25 30 25000 1500
344 19 135 25 30 25000 1500
345 28 135 25 30 24000 1500
346 28 135 25 30 25000 1500
347 12 135 25 30 25000 1500
348 57 135 25 30 25000 1500
349 18 135 25 30 25500 1500
350 57 135 25 30 25000 1500
351 12 135 25 30 25000 1500
352 62 135 25 29 24000 1500
353 22 135 25 30 25000 1500
354 18 135 25 30 25500 1500
355 12 135 25 30 25000 1500
356 12 135 25 30 25000 1500
357 62 135 25 29 24000 1500
358 8 135 25 30 25000 1500
359 25 135 25 29 24000 1500
360 55 135 25 30 25000 1500
361 27 135 25 30 25000 1500
362 60 135 25 30 25000 1500
363 22 135 25 30 25000 1500
364 74 135 25 29 28000 1500
365 21 135 25 29 24000 1500
366 56 135 25 30 24000 1500
367 18 135 25 30 25000 1500
368 22 135 25 30 25000 1500
369 22 135 25 30 25000 1500
370 54 135 25 30 25000 1500
371 20 135 25 30 25000 1500
372 27 135 25 28 25000 1500
373 67 135 25 29 25000 1500
374 55 135 25 31 24000 1500
375 21 135 25 30 25000 1500
376 21 135 25 30 25000 1500
377 50 135 25 30 25000 1500
378 26 135 25 30 25000 1500
379 54 135 25 30 25000 1500
380 56 135 25 30 25000 1500
381 68 135 25 30 25000 1500
382 56 135 25 30 24000 1500
383 71 135 25 30 25000 1500
384 56 135 25 30 24000 1500
385 67 135 25 30 24000 1500
386 20 135 25 29 24000 1500
387 21 135 25 30 25000 1500
388 21 135 25 30 25000 1500
389 25 135 25 30 25000 1500
390 27 135 25 30 25000 1500
391 18 135 25 30 24000 1500
392 18 135 25 30 24000 1500
393 49 135 25 30 25000 1500
394 70 135 25 29 24000 1500
395 53 135 25 29 28000 1500
396 9 135 25 28 25000 1500
397 62 135 25 29 25000 1500
398 13 135 25 28 25000 1500
399 49 135 25 30 25000 1500
400 62 135 25 30 24000 1500
401 26 135 25 30 25000 1500
402 26 135 25 30 25000 1500
403 67 135 25 30 25000 1500
404 64 135 25 29 25000 1500
405 62 135 25 30 24000 1500
406 26 135 25 30 25000 1500
407 21 135 25 30 24000 1500
408 13 135 25 30 24000 1500
409 26 135 25 30 25000 1500
410 18 135 25 30 24000 1500
411 54 135 25 29 25000 1500
412 55 135 25 30 25000 1500
413 62 135 25 30 25000 1500
414 62 135 25 30 24000 1500
415 69 135 25 30 25000 1500
416 71 135 25 30 25000 1500
417 25 135 25 30 25000 1500
418 67 135 25 29 24000 1500
419 27 135 25 29 24000 1500
420 63 135 25 30 25000 1500
421 49 135 25 28 25000 1500
422 25 135 25 30 25000 1500
423 64 135 25 30 25000 1500
424 13 135 25 29 25000 1500
425 70 135 25 30 24000 1500
426 27 135 25 29 24000 1500
427 22 135 25 30 28000 1500
428 70 135 25 30 24000 1500
429 60 135 25 30 25000 1500
430 19 135 25 30 25500 1500
431 56 135 25 30 25000 1500
432 64 135 25 28 25000 1500
433 53 135 25 30 25000 1500
434 56 135 25 30 25000 1500
435 18 135 25 30 24000 1500
436 53 135 25 30 24000 1500
437 21 135 25 30 28000 1500
438 50 135 25 30 25000 1500
439 27 135 25 30 25000 1500
440 70 135 25 28 25000 1500
441 74 135 25 30 25000 1500
442 56 135 25 30 25000 1500
443 19 135 25 30 25000 1500
444 21 135 25 30 28000 1500
445 69 135 25 30 25000 1500
446 60 135 25 30 25000 1500
447 60 135 25 30 25000 1500
448 50 135 25 31 24000 1500
449 18 135 25 30 25000 1500
450 63 135 25 30 25000 1500
451 55 135 25 29 24000 1500
452 20 135 25 29 25000 1500
453 57 135 25 30 25000 1500
454 27 135 25 30 28000 1500
455 56 135 25 30 25000 1500
456 20 135 25 29 25000 1500
457 13 135 25 30 28000 1500
458 19 135 25 30 25000 1500
459 50 135 25 30 25000 1500
460 61 135 25 29 24000 1500
461 28 135 25 30 25000 1500
462 74 135 25 30 24000 1500
463 27 135 25 30 25000 1500
464 69 135 25 28 28000 1500
465 25 135 25 29 25000 1500
466 25 135 25 29 25000 1500
467 54 135 25 30 25000 1500
468 56 135 25 30 25000 1500
469 26 135 25 30 25000 1500
470 60 135 25 30 25000 1500
471 71 135 25 30 24000 1500
472 28 135 25 30 25500 1500
473 12 135 25 30 25000 1500
474 57 135 25 30 25000 1500
475 49 135 25 30 25500 1500
476 18 135 25 30 25000 1500
477 68 135 25 30 24000 1500
478 70 135 25 30 25000 1500
479 68 135 25 30 24000 1500
480 22 135 25 30 25500 1500
481 15 135 25 29 25000 1500
482 68 135 25 30 24000 1500
483 69 135 25 30 24000 1500
484 67 135 25 29 24000 1500
485 22 135 25 30 25000 1500
486 11 135 25 30 25000 1500
487 60 135 25 29 24000 1500
488 64 135 25 30 25000 1500
489 20 135 25 30 25000 1500
490 64 135 25 30 25000 1500
491 54 135 25 30 24000 1500
492 50 135 25 30 24000 1500
493 61 135 25 30 25000 1500
494 50 135 25 30 24000 1500
495 21 135 25 30 25000 1500
496 15 135 25 30 24000 1500
497 21 135 25 30 25000 1500
498 8 135 25 29 25000 1500
499 55 135 25 30 25000 1500
500 56 135 25 29 24000 1500
501 60 135 25 28 28000 1500
502 61 135 25 30 25000 1500
503 55 135 25 30 25000 1500
504 54 135 25 30 25500 1500
505 26 135 25 30 28000 1500
506 26 135 25 30 28000 1500
507 19 135 25 29 25000 1500
508 53 135 25 29 24000 1500
509 13 135 25 30 24000 1500
510 57 135 25 30 25000 1500
511 69 135 25 30 28000 1500
512 49 135 25 30 25000 1500
513 18 135 25 28 25000 1500
514 57 135 25 30 25000 1500
515 61 135 25 28 28000 1500
516 20 135 25 30 25000 1500
517 22 135 25 30 25000 1500
518 60 135 25 30 25000 1500
519 67 135 25 30 25000 1500
520 50 135 25 30 25000 1500
521 62 135 25 30 25000 1500
522 19 135 25 29 24000 1500
523 56 135 25 30 24000 1500
524 71 135 25 29 25000 1500
525 13 135 25 30 25000 1500
526 70 135 25 30 25000 1500
527 62 135 25 30 25000 1500
528 53 135 25 30 25000 1500
529 21 135 25 30 25000 1500
530 53 135 25 30 25500 1500
531 53 135 25 30 25500 1500
532 18 135 25 29 25000 1500
533 57 135 25 30 28000 1500
534 69 135 25 29 25000 1500
535 50 135 25 29 25000 1500
536 28 135 25 30 25000 1500
537 28 135 25 30 25000 1500
538 54 135 25 30 25000 1500
539 54 135 25 29 24000 1500
540 71 135 25 30 24000 1500
541 13 135 25 30 25000 1500
542 50 135 25 30 25000 1500
543 53 135 25 30 25500 1500
544 15 135 25 30 24000 1500
545 74 135 25 30 24000 1500
546 12 135 25 28 25000 1500
547 64 135 25 28 28000 1500
548 67 135 25 30 25000 1500
549 27 135 25 30 25000 1500
550 20 135 25 29 24000 1500
551 69 135 25 29 24000 1500
552 55 135 25 30 25000 1500
553 9 135 25 29 28000 1500
554 13 135 25 30 25000 1500
555 21 135 25 30 25500 1500
556 70 135 25 30 25000 1500
557 62 135 25 30 25000 1500
558 62 135 25 30 25000 1500
559 54 135 25 31 24000 1500
560 50 135 25 30 24000 1500
561 67 135 25 30 25000 1500
562 13 135 25 30 25000 1500
563 18 135 25 30 25000 1500
564 63 135 25 30 25000 1500
565 53 135 25 30 25000 1500
566 55 135 25 30 25000 1500
567 63 135 25 30 25000 1500
568 62 135 25 30 25000 1500
569 55 135 25 30 24000 1500
570 62 135 25 30 25000 1500
571 62 135 25 30 25000 1500
572 62 135 25 30 25000 1500
573 25 135 25 30 28000 1500
574 62 135 25 30 25000 1500
575 22 135 25 30 25000 1500
576 53 135 25 30 25000 1500
577 20 135 25 30 28000 1500
578 50 135 25 30 28000 1500
579 60 135 25 30 25000 1500
580 18 135 25 30 24000 1500
581 74 135 25 29 24000 1500
582 53 135 25 30 25000 1500
583 60 135 25 30 25000 1500
584 50 135 25 30 25000 1500
585 70 135 25 30 25000 1500
586 57 135 25 29 25000 1500
587 71 135 25 29 24000 1500
588 57 135 25 29 25000 1500
589 8 135 25 30 25000 1500
590 69 135 25 29 25000 1500
591 61 135 25 30 25000 1500
592 60 135 25 30 25000 1500
593 60 135 25 30 25000 1500
594 25 135 25 30 24000 1500
595 60 135 25 30 25000 1500
596 60 135 25 30 25000 1500
597 11 135 25 30 25000 1500
598 60 135 25 30 25000 1500
599 49 135 25 30 24000 1500
600 57 135 25 30 25000 1500
601 54 135 25 30 25000 1500
602 26 135 25 30 25000 1500
603 55 135 25 29 25000 1500
604 19 135 25 30 25000 1500
605 55 135 25 30 25000 1500
606 68 135 25 30 25000 1500
607 74 135 25 30 28000 1500
608 71 135 25 29 25000 1500
609 12 135 25 30 24000 1500
610 11 135 25 29 28000 1500
611 69 135 25 28 25000 1500
612 11 135 25 30 25000 1500
613 26 135 25 29 24000 1500
614 56 135 25 30 25000 1500
615 69 135 25 30 24000 1500
616 12 135 25 29 25000 1500
617 49 135 25 29 24000 1500
618 15 135 25 29 24000 1500
619 50 135 25 30 25000 1500
620 15 135 25 29 24000 1500
621 25 135 25 30 25000 1500
622 64 135 25 29 24000 1500
623 55 135 25 29 24000 1500
624 15 135 25 30 25000 1500
625 19 135 25 30 25500 1500
626 74 135 25 30 24000 1500
627 53 135 25 29 25000 1500
628 70 135 25 30 25000 1500
629 53 135 25 29 25000 1500
630 74 135 25 30 25000 1500
631 56 135 25 30 25500 1500
632 70 135 25 29 26000 1500
633 54 135 25 30 28000 1500
634 54 135 25 30 28000 1500
635 22 135 25 30 25000 1500
636 62 135 25 29 24000 1500
637 15 135 25 29 28000 1500
638 49 135 25 30 25000 1500
639 27 135 25 30 25000 1500
640 22 135 25 30 25000 1500
641 56 135 25 30 25000 1500
642 49 135 25 30 25000 1500
643 69 135 25 30 24000 1500
644 50 135 25 30 25500 1500
645 20 135 25 30 24000 1500
646 27 135 25 29 24000 1500
647 18 135 25 30 28000 1500
648 71 135 25 29 28000 1500
649 25 135 25 30 25000 1500
650 57 135 25 30 25500 1500
651 53 135 25 30 28000 1500
652 13 135 25 29 28000 1500
653 57 135 25 30 25000 1500
654 62 135 25 30 25000 1500
655 71 135 25 29 28000 1500
656 50 135 25 30 25000 1500
657 63 135 25 30 25000 1500
658 63 135 25 30 25000 1500
659 8 135 25 30 25000 1500
660 15 135 25 30 25000 1500
661 11 135 25 30 25000 1500
662 8 135 25 30 25000 1500
663 8 135 25 30 25000 1500
664 8 135 25 30 25000 1500
665 18 135 25 30 25000 1500
666 28 135 25 29 24000 1500
667 71 135 25 30 25000 1500
668 63 135 25 30 25000 1500
669 63 135 25 30 25000 1500
670 63 135 25 30 25000 1500
671 63 135 25 30 25000 1500
672 18 135 25 29 28000 1500
673 25 135 25 29 24000 1500
674 63 135 25 30 25000 1500
675 57 135 25 30 24000 1500
676 54 135 25 30 25000 1500
677 56 135 25 30 25000 1500
678 57 135 25 30 25000 1500
679 49 135 25 30 25000 1500
680 54 135 25 30 25500 1500
681 55 135 25 30 28000 1500
682 13 135 25 30 25000 1500
683 64 135 25 30 25000 1500
684 55 135 25 30 28000 1500
685 64 135 25 30 25000 1500
686 74 135 25 30 25000 1500
687 64 135 25 30 25000 1500
688 70 135 25 29 24000 1500
689 20 135 25 30 25000 1500
690 53 135 25 30 25000 1500
691 64 135 25 30 25000 1500
692 64 135 25 30 25000 1500
693 26 135 25 30 25000 1500
694 74 135 25 29 28000 1500
695 69 135 25 30 25000 1500
696 56 135 25 30 28000 1500
697 49 135 25 29 25000 1500
698 56 135 25 30 28000 1500
699 25 135 25 30 25000 1500
700 64 135 25 30 25000 1500
701 64 135 25 30 25000 1500
702 54 135 25 30 25000 1500
703 21 135 25 30 25000 1500
704 56 135 25 30 28000 1500
705 20 135 25 29 24000 1500
706 7 135 25 30 25000 1500
707 7 135 25 30 25000 1500
708 7 135 25 30 25000 1500
709 27 135 25 30 25000 1500
710 56 135 25 28 25000 1500
711 18 135 25 29 25000 1500
712 15 135 25 30 25000 1500
713 18 135 25 29 25000 1500
714 49 135 25 30 24000 1500
715 62 135 25 28 25000 1500
716 53 135 25 30 25000 1500
717 53 135 25 30 25000 1500
718 62 135 25 28 25000 1500
719 70 135 25 30 25000 1500
720 54 135 25 30 25000 1500
721 69 135 25 29 28000 1500
722 49 135 25 30 25000 1500
723 61 135 25 29 24000 1500
724 11 135 25 30 24000 1500
725 71 135 25 30 25000 1500
726 12 135 25 29 28000 1500
727 20 135 25 30 28000 1500
728 69 135 25 30 25000 1500
729 60 135 25 30 25000 1500
730 50 135 25 29 28000 1500
731 70 135 25 30 25000 1500
732 68 135 25 30 25000 1500
733 70 135 25 30 25000 1500
734 62 135 25 30 25000 1500
735 27 135 25 29 25000 1500
736 13 135 25 29 25000 1500
737 19 135 25 30 25000 1500
738 49 135 25 29 24000 1500
739 12 135 25 30 25000 1500
740 61 135 25 30 25000 1500
741 11 135 25 30 25000 1500
742 54 135 25 30 24000 1500
743 71 135 25 28 28000 1500
744 60 135 25 30 24000 1500
745 62 135 25 29 25000 1500
746 25 135 25 28 28000 1500
747 67 135 25 28 25000 1500
748 60 135 25 29 24000 1500
749 18 135 25 29 24000 1500
750 61 135 25 30 25000 1500
751 19 135 25 30 28000 1500
752 61 135 25 30 25000 1500
753 11 135 25 30 25000 1500
754 61 135 25 30 25000 1500
755 61 135 25 30 25000 1500
756 19 135 25 30 28000 1500
757 25 135 25 30 28000 1500
758 56 135 25 29 24000 1500
759 22 135 25 29 25000 1500
760 70 135 25 30 24000 1500
761 61 135 25 30 25000 1500
762 70 135 25 30 24000 1500
763 70 135 25 30 25000 1500
764 61 135 25 30 25000 1500
765 62 135 25 29 24000 1500
766 18 135 25 30 25000 1500
767 54 135 25 30 25000 1500
768 62 135 25 29 24000 1500
769 54 135 25 30 25000 1500
770 63 135 25 30 24000 1500
771 49 135 25 30 24000 1500
772 19 135 25 30 24000 1500
773 60 135 25 30 25000 1500
774 67 135 25 29 25000 1500
775 70 135 25 29 24000 1500
776 20 135 25 28 28000 1500
777 60 135 25 30 25000 1500
778 13 135 25 29 24000 1500
779 74 135 25 30 25000 1500
780 13 135 25 29 24000 1500
781 21 135 25 30 25000 1500
782 55 135 25 30 25000 1500
783 26 135 25 29 28000 1500
784 67 135 25 30 25500 1500
785 67 135 25 30 28000 1500
786 22 135 25 30 24000 1500
787 69 135 25 30 25000 1500
788 9 135 25 30 25000 1500
789 9 135 25 30 25000 1500
790 21 135 25 30 25000 1500
791 27 135 25 30 25000 1500
792 74 135 25 30 25000 1500
793 19 135 25 29 24000 1500
794 28 135 25 30 25000 1500
795 49 135 25 30 28000 1500
796 22 135 25 30 25000 1500
797 49 135 25 30 28000 1500
798 50 135 25 28 28000 1500
799 15 135 25 30 25000 1500
800 64 135 25 30 25500 1500
801 61 135 25 30 25000 1500
802 71 135 25 30 25500 1500
803 53 135 25 30 25000 1500
804 11 135 25 30 25000 1500
805 54 135 25 30 25000 1500
806 56 135 25 29 25000 1500
807 56 135 25 29 25000 1500
808 56 135 25 29 25000 1500
809 20 135 25 29 25000 1500
810 25 135 25 28 25000 1500
811 56 135 25 30 25000 1500
812 50 135 25 30 25500 1500
813 68 135 25 30 25000 1500
814 26 135 25 28 25000 1500
815 19 135 25 31 24000 1500
816 62 135 25 29 24000 1500
817 56 135 25 30 25000 1500
818 68 135 25 30 25000 1500
819 69 135 25 30 25000 1500
820 13 135 25 30 25000 1500
821 63 135 25 30 25000 1500
822 70 135 25 30 25000 1500
823 67 135 25 28 28000 1500
824 11 135 25 30 25000 1500
825 25 135 25 30 25000 1500
826 63 135 25 30 25000 1500
827 55 135 25 28 28000 1500
828 15 135 25 30 25000 1500
829 60 135 25 30 25000 1500
830 7 135 25 30 25000 1500
831 19 135 25 30 25000 1500
832 15 135 25 28 25000 1500
833 49 135 25 30 24000 1500
834 49 135 25 30 24000 1500
835 13 135 25 30 24000 1500
836 13 135 25 30 24000 1500
837 26 135 25 29 25000 1500
838 60 135 25 29 28000 1500
839 21 135 25 28 25000 1500
840 55 135 25 30 25500 1500
841 20 135 25 28 25000 1500
842 62 135 25 30 25000 1500
843 57 135 25 30 25000 1500
844 60 135 25 30 25000 1500
845 19 135 25 30 24000 1500
846 71 135 25 30 28000 1500
847 68 135 25 30 25000 1500
848 26 135 25 29 24000 1500
849 13 135 25 30 24000 1500
850 28 135 25 30 24000 1500
851 53 135 25 30 25000 1500
852 64 135 25 30 25000 1500
853 28 135 25 30 24000 1500
854 19 135 25 30 25000 1500
855 53 135 25 30 25000 1500
856 64 135 25 30 25000 1500
857 71 135 25 28 25000 1500
858 55 135 25 30 25000 1500
859 27 135 25 30 24000 1500
860 57 135 25 29 25000 1500
861 15 135 25 29 25000 1500
862 8 135 25 28 25000 1500
863 56 135 25 30 25000 1500
864 54 135 25 30 25000 1500
865 74 135 25 30 25000 1500
866 57 135 25 30 25000 1500
867 71 135 25 30 25000 1500
868 70 135 25 30 24000 1500
869 74 135 25 29 25000 1500
870 61 135 25 30 24000 1500
871 56 135 25 30 25000 1500
872 55 135 25 30 28000 1500
873 50 135 25 30 25000 1500
874 53 135 25 29 28000 1500
875 69 135 25 30 25000 1500
876 13 135 25 30 25000 1500
877 74 135 25 29 24000 1500
878 64 135 25 29 25000 1500
879 57 135 25 31 24000 1500
880 18 135 25 29 24000 1500
881 68 135 25 30 24000 1500
882 13 135 25 29 25000 1500
883 19 135 25 30 25000 1500
884 28 135 25 30 25000 1500
885 68 135 25 29 25000 1500
886 19 135 25 30 25000 1500
887 49 135 25 30 25000 1500
888 26 135 25 30 25000 1500
889 61 135 25 31 24000 1500
890 74 135 25 28 25000 1500
891 70 135 25 30 25000 1500
892 8 135 25 30 25000 1500
893 62 135 25 28 28000 1500
894 69 135 25 30 25000 1500
895 25 135 25 30 25500 1500
896 20 135 25 30 25000 1500
897 67 135 25 30 25000 1500
898 68 135 25 30 25000 1500
899 18 135 25 30 24000 1500
900 61 135 25 30 25000 1500
901 63 135 25 30 25000 1500
902 61 135 25 30 25000 1500
903 21 135 25 30 24000 1500
904 25 135 25 29 25000 1500
905 21 135 25 29 25000 1500
906 19 135 25 30 25000 1500
907 62 135 25 30 28000 1500
908 49 135 25 30 25000 1500
909 12 135 25 30 25000 1500
910 67 135 25 29 24000 1500
911 70 135 25 30 24000 1500
912 63 135 25 29 25000 1500
913 22 135 25 31 24000 1500
914 63 135 25 29 25000 1500
915 60 135 25 30 25000 1500
916 63 135 25 29 25000 1500
917 62 135 25 29 28000 1500
918 64 135 25 30 25000 1500
919 68 135 25 29 24000 1500
920 49 135 25 30 25000 1500
921 20 135 25 30 25500 1500
922 49 135 25 30 25000 1500
923 49 135 25 30 25000 1500
924 54 135 25 29 28000 1500
925 11 135 25 30 25000 1500
926 56 135 25 30 25000 1500
927 26 135 25 30 25000 1500
928 11 135 25 30 25000 1500
929 11 135 25 29 28000 1500
930 11 135 25 30 25000 1500
931 26 135 25 30 25000 1500
932 11 135 25 30 25000 1500
933 68 135 25 30 25000 1500
934 13 135 25 30 25000 1500
935 20 135 25 30 25000 1500
936 27 135 25 30 25000 1500
937 27 135 25 30 25000 1500
938 27 135 25 30 25000 1500
939 19 135 25 30 24000 1500
940 54 135 25 30 25000 1500
941 9 135 25 30 25000 1500
942 50 135 25 30 25000 1500
943 19 135 25 30 24000 1500
944 27 135 25 30 25000 1500
945 68 135 25 30 25000 1500
946 74 135 25 30 25000 1500
947 54 135 25 30 25000 1500
948 8 135 25 30 25000 1500
949 21 135 25 29 24000 1500
950 63 135 25 29 24000 1500
951 26 135 25 30 24000 1500
952 26 135 25 30 24000 1500
953 26 135 25 30 24000 1500
954 28 135 25 28 25000 1500
955 61 135 25 30 25000 1500
956 26 135 25 30 25000 1500
957 67 135 25 29 28000 1500
958 70 135 25 30 25000 1500
959 21 135 25 30 25000 1500
960 15 135 25 29 24000 1500
961 18 135 25 30 25000 1500
962 22 135 25 30 25000 1500
963 25 135 25 30 25000 1500
964 22 135 25 30 25000 1500
965 53 135 25 30 28000 1500
966 28 135 25 30 25000 1500
967 57 135 25 30 24000 1500
968 57 135 25 30 25000 1500
969 57 135 25 30 24000 1500
970 21 135 25 30 25000 1500
971 69 135 25 30 25000 1500
972 61 135 25 30 25000 1500
973 28 135 25 29 25000 1500
974 22 135 25 30 25000 1500
975 21 135 25 30 25000 1500
976 22 135 25 30 25000 1500
977 55 135 25 30 25000 1500
978 70 135 25 29 24000 1500
979 63 135 25 30 25000 1500
980 13 135 25 29 24000 1500
981 61 135 25 30 25000 1500
982 15 135 25 30 25000 1500
983 57 135 25 30 25500 1500
984 26 135 25 30 25000 1500
985 19 135 25 30 25000 1500
986 57 135 25 30 25000 1500
987 55 135 25 29 24000 1500
988 57 135 25 30 25000 1500
989 18 135 25 30 25000 1500
990 71 135 25 30 25500 1500
991 26 135 25 30 25000 1500
992 64 135 25 30 25500 1500
993 54 135 25 30 25000 1500
994 74 135 25 30 25000 1500
995 60 135 25 30 25000 1500
996 54 135 25 30 25000 1500
997 15 135 25 30 25000 1500
998 54 135 25 30 25000 1500
999 21 135 25 30 24000 1500
1000 54 135 25 30 25000 1500
1001 61 135 25 30 25000 1500
1002 54 135 25 30 25000 1500
1003 21 135 25 30 25000 1500
1004 63 135 25 30 25000 1500
1005 21 135 25 30 24000 1500
1006 22 135 25 28 28000 1500
1007 15 135 25 28 28000 1500
1008 55 135 25 30 25000 1500
1009 28 135 25 29 25000 1500
1010 56 135 25 30 24000 1500
1011 74 135 25 28 28000 1500
1012 19 135 25 29 24000 1500
1013 62 135 25 30 25000 1500
1014 69 135 25 29 24000 1500
1015 68 135 25 30 28000 1500
1016 54 135 25 30 24000 1500
1017 54 135 25 30 24000 1500
1018 57 135 25 30 25000 1500
1019 19 135 25 30 25000 1500
1020 60 135 25 29 25000 1500
1021 19 135 25 30 25000 1500
1022 21 135 25 30 24000 1500
1023 60 135 25 29 25000 1500
1024 19 135 25 30 25000 1500
1025 21 135 25 30 24000 1500
1026 19 135 25 30 25000 1500
1027 57 135 25 30 25000 1500
1028 26 135 25 30 25000 1500
1029 12 135 25 30 25500 1500
1030 56 135 25 30 25000 1500
1031 68 135 25 30 25000 1500
1032 56 135 25 30 25000 1500
1033 60 135 25 29 24000 1500
1034 13 135 25 30 25000 1500
1035 11 135 25 30 24000 1500
1036 68 135 25 30 25000 1500
1037 53 135 25 30 25000 1500
1038 20 135 25 30 25000 1500
1039 11 135 25 30 24000 1500
1040 20 135 25 29 24000 1500
1041 63 135 25 30 24000 1500
1042 63 135 25 30 24000 1500
1043 54 135 25 30 24000 1500
1044 13 135 25 29 28000 1500
1045 54 135 25 30 24000 1500
1046 27 135 25 28 28000 1500
1047 60 135 25 29 25000 1500
1048 54 135 25 30 24000 1500
1049 15 135 25 30 25000 1500
1050 63 135 25 30 25000 1500
1051 71 135 25 30 25000 1500
1052 56 135 25 29 24000 1500
1053 62 135 25 30 25000 1500
1054 22 135 25 30 25500 1500
1055 19 135 25 29 28000 1500
1056 8 135 25 30 25000 1500
1057 18 135 25 30 25000 1500
1058 57 135 25 30 25000 1500
1059 57 135 25 30 25000 1500
1060 57 135 25 30 25000 1500
1061 25 135 25 30 25000 1500
1062 57 135 25 30 25000 1500
1063 22 135 25 30 24000 1500
1064 18 135 25 29 28000 1500
1065 22 135 25 30 24000 1500
1066 57 135 25 30 25000 1500
1067 57 135 25 29 24000 1500
1068 60 135 25 28 25000 1500
1069 67 135 25 30 25000 1500
1070 19 135 25 30 24000 1500
1071 26 135 25 30 25000 1500
1072 12 135 25 30 25000 1500
1073 67 135 25 30 24000 1500
1074 62 135 25 30 24000 1500
1075 13 135 25 30 25000 1500
1076 69 135 25 30 25000 1500
1077 61 135 25 30 25000 1500
1078 70 135 25 30 24000 1500
1079 67 135 25 30 25000 1500
1080 56 135 25 30 24000 1500
1081 27 135 25 30 25000 1500
1082 27 135 25 30 25500 1500
1083 55 135 25 30 25000 1500
1084 55 135 25 30 25000 1500
1085 64 135 25 29 28000 1500
1086 67 135 25 30 25000 1500
1087 69 135 25 29 24000 1500
1088 63 135 25 30 28000 1500
1089 63 135 25 30 28000 1500
1090 63 135 25 30 28000 1500
1091 19 135 25 30 24000 1500
1092 8 135 25 29 28000 1500
1093 20 135 25 30 25000 1500
1094 27 135 25 31 24000 1500
1095 25 135 25 30 25500 1500
1096 49 135 25 30 25000 1500
1097 15 135 25 30 25000 1500
1098 25 135 25 30 25500 1500
1099 74 135 25 30 25000 1500
1100 49 135 25 30 25000 1500
1101 63 135 25 29 24000 1500
1102 28 135 25 30 25000 1500
1103 21 135 25 30 25000 1500
1104 9 135 25 30 25000 1500
1105 9 135 25 30 25000 1500
1106 60 135 25 30 25500 1500
1107 9 135 25 30 25000 1500
1108 53 135 25 29 24000 1500
1109 12 135 25 30 25000 1500
1110 28 135 25 28 28000 1500
1111 63 135 25 30 25000 1500
1112 61 135 25 30 28000 1500
1113 70 135 25 30 25000 1500
1114 61 135 25 30 28000 1500
1115 71 135 25 30 25000 1500
1116 49 135 25 30 24000 1500
1117 61 135 25 29 26000 1500
1118 64 135 25 30 25000 1500
1119 54 135 25 29 24000 1500
1120 54 135 25 28 25000 1500
1121 64 135 25 30 24000 1500
1122 68 135 25 30 25000 1500
1123 19 135 25 30 24000 1500
1124 26 135 25 30 25000 1500
1125 64 135 25 30 24000 1500
1126 11 135 25 30 25000 1500
1127 64 135 25 30 24000 1500
1128 64 135 25 30 24000 1500
1129 15 135 25 30 25500 1500
1130 20 135 25 30 25000 1500
1131 22 135 25 28 25000 1500
1132 55 135 25 29 28000 1500
1133 70 135 25 29 25000 1500
1134 13 135 25 29 24000 1500
1135 70 135 25 29 25000 1500
1136 74 135 25 29 24000 1500
1137 67 135 25 30 25000 1500
1138 70 135 25 29 25000 1500
1139 64 135 25 30 28000 1500
1140 13 135 25 29 24000 1500
1141 8 135 25 30 25000 1500
1142 63 135 25 30 25000 1500
1143 28 135 25 30 25000 1500
1144 55 135 25 30 25000 1500
1145 55 135 25 30 25000 1500
1146 18 135 25 30 25000 1500
1147 63 135 25 30 24000 1500
1148 54 135 25 30 24000 1500
1149 68 135 25 30 25000 1500
1150 54 135 25 30 24000 1500
1151 57 135 25 30 24000 1500
1152 54 135 25 30 24000 1500
1153 60 135 25 30 28000 1500
1154 69 135 25 30 25000 1500
1155 55 135 25 30 25000 1500
1156 55 135 25 30 25000 1500
1157 57 135 25 30 25000 1500
1158 55 135 25 30 25000 1500
1159 27 135 25 30 24000 1500
1160 22 135 25 30 25000 1500
1161 25 135 25 30 25000 1500
1162 13 135 25 30 28000 1500
1163 27 135 25 28 25000 1500
1164 55 135 25 30 25000 1500
1165 12 135 25 30 25000 1500
1166 55 135 25 30 25000 1500
1167 22 135 25 29 25000 1500
1168 22 135 25 29 24000 1500
1169 20 135 25 30 24000 1500
1170 20 135 25 30 24000 1500
1171 62 135 25 30 25000 1500
1172 11 135 25 30 25000 1500
1173 69 135 25 29 28000 1500
1174 50 135 25 30 25000 1500
1175 50 135 25 30 25000 1500
1176 20 135 25 30 24000 1500
1177 49 135 25 30 24000 1500
1178 50 135 25 30 25000 1500
1179 50 135 25 30 25000 1500
1180 49 135 25 30 24000 1500
1181 71 135 25 30 25000 1500
1182 56 135 25 29 25000 1500
1183 12 135 25 31 24000 1500
1184 74 135 25 30 25000 1500
1185 61 135 25 30 25500 1500
1186 18 135 25 30 28000 1500
1187 12 135 25 30 24000 1500
1188 13 135 25 29 24000 1500
1189 8 135 25 30 25000 1500
1190 11 135 25 29 25000 1500
1191 61 135 25 29 28000 1500
1192 71 135 25 29 24000 1500
1193 11 135 25 29 25000 1500
1194 71 135 25 31 24000 1500
1195 60 135 25 30 24000 1500
1196 13 135 25 30 25000 1500
1197 13 135 25 30 25000 1500
1198 68 135 25 29 24000 1500
1199 56 135 25 28 25000 1500
1200 53 135 25 30 25000 1500
1201 12 135 25 29 24000 1500
1202 67 135 25 30 25000 1500
1203 20 135 25 30 25000 1500
1204 21 135 25 30 25000 1500
1205 26 135 25 30 24000 1500
1206 11 135 25 29 24000 1500
1207 18 135 25 30 25000 1500
1208 49 135 25 29 24000 1500
1209 26 135 25 30 24000 1500
1210 68 135 25 30 25000 1500
1211 70 135 25 30 25000 1500
1212 61 135 25 30 25000 1500
1213 28 135 25 30 25000 1500
1214 56 135 25 30 25000 1500
1215 28 135 25 30 24000 1500
1216 56 135 25 30 25000 1500
1217 62 135 25 29 25000 1500
1218 69 135 25 30 25500 1500
1219 49 135 25 30 25000 1500
1220 68 135 25 31 24000 1500
1221 27 135 25 30 24000 1500
1222 68 135 25 30 24000 1500
1223 61 135 25 29 28000 1500
1224 60 135 25 30 25000 1500
1225 19 135 25 28 25000 1500
1226 27 135 25 30 25000 1500
1227 26 135 25 30 25000 1500
1228 64 135 25 30 25000 1500
1229 50 135 25 30 25000 1500
1230 50 135 25 30 25000 1500
1231 8 135 25 29 25000 1500
1232 50 135 25 30 25000 1500
1233 15 135 25 29 25000 1500
1234 71 135 25 30 25000 1500
1235 19 135 25 30 25000 1500
1236 26 135 25 30 24000 1500
1237 64 135 25 30 25000 1500
1238 56 135 25 30 28000 1500
1239 18 135 25 30 25500 1500
1240 63 135 25 30 25000 1500
1241 22 135 25 30 24000 1500
1242 26 135 25 29 25000 1500
1243 60 135 25 30 25000 1500
1244 69 135 25 30 25000 1500
1245 27 135 25 30 24000 1500
1246 71 135 25 30 25000 1500
1247 55 135 25 30 25000 1500
1248 12 135 25 30 25000 1500
1249 13 135 25 30 25000 1500
1250 70 135 25 30 25000 1500
1251 64 135 25 30 28000 1500
1252 62 135 25 30 25500 1500
1253 64 135 25 31 24000 1500
1254 71 135 25 30 25000 1500
1255 53 135 25 30 25000 1500
1256 21 135 25 29 25000 1500
1257 63 135 25 30 25000 1500
1258 49 135 25 29 24000 1500
1259 63 135 25 29 24000 1500
1260 26 135 25 28 25000 1500
1261 25 135 25 29 24000 1500
1262 69 135 25 30 25000 1500
1263 64 135 25 30 25000 1500
1264 64 135 25 30 25000 1500
1265 27 135 25 29 25000 1500
1266 63 135 25 30 25000 1500
1267 8 135 25 30 25000 1500
1268 56 135 25 28 28000 1500
1269 25 135 25 30 24000 1500
1270 60 135 25 30 25000 1500
1271 67 135 25 29 25000 1500
1272 70 135 25 30 25000 1500
1273 67 135 25 29 25000 1500
1274 21 135 25 30 25000 1500
1275 26 135 25 30 24000 1500
1276 28 135 25 29 24000 1500
1277 21 135 25 28 25000 1500
1278 11 135 25 30 25000 1500
1279 53 135 25 30 25000 1500
1280 27 135 25 30 25000 1500
1281 13 135 25 28 25000 1500
1282 74 135 25 29 25000 1500
1283 20 135 25 29 25000 1500
1284 54 135 25 30 25000 1500
1285 74 135 25 29 25000 1500
1286 54 135 25 30 25000 1500
1287 64 135 25 30 25000 1500
1288 71 135 25 29 25000 1500
1289 71 135 25 29 25000 1500
1290 55 135 25 30 25000 1500
1291 55 135 25 30 25000 1500
1292 26 135 25 29 24000 1500
1293 28 135 25 30 24000 1500
1294 18 135 25 30 25000 1500
1295 12 135 25 30 25000 1500
1296 57 135 25 28 28000 1500
1297 13 135 25 30 25000 1500
1298 50 135 25 30 24000 1500
1299 62 135 25 30 25000 1500
1300 28 135 25 29 26000 1500
1301 57 135 25 30 28000 1500
1302 62 135 25 30 25000 1500
1303 62 135 25 30 25000 1500
1304 55 135 25 28 25000 1500
1305 28 135 25 29 24000 1500
1306 53 135 25 30 25000 1500
1307 67 135 25 29 28000 1500
1308 20 135 25 30 25000 1500
1309 62 135 25 31 24000 1500
1310 53 135 25 30 25000 1500
1311 60 135 25 30 25500 1500
1312 55 135 25 28 25000 1500
1313 60 135 25 30 25500 1500
1314 12 135 25 30 25000 1500
1315 15 135 25 30 25000 1500
1316 56 135 25 30 25000 1500
1317 62 135 25 30 25000 1500
1318 28 135 25 30 25000 1500
1319 8 135 25 30 25000 1500
1320 11 135 25 29 24000 1500
1321 22 135 25 29 28000 1500
1322 63 135 25 28 25000 1500
1323 69 135 25 30 25000 1500
1324 12 135 25 29 25000 1500
1325 74 135 25 30 25000 1500
1326 63 135 25 30 24000 1500
1327 49 135 25 30 25000 1500
1328 55 135 25 29 25000 1500
1329 60 135 25 30 25000 1500
1330 55 135 25 29 24000 1500
1331 60 135 25 30 25000 1500
1332 61 135 25 29 24000 1500
1333 71 135 25 30 28000 1500
1334 11 135 25 30 25000 1500
1335 71 135 25 30 24000 1500
1336 55 135 25 29 24000 1500
1337 27 135 25 29 28000 1500
1338 74 135 25 30 25500 1500
1339 21 135 25 30 25000 1500
1340 55 135 25 29 25000 1500
1341 68 135 25 30 25000 1500
1342 64 135 25 30 25000 1500
1343 68 135 25 28 25000 1500
1344 56 135 25 30 25000 1500
1345 15 135 25 30 25500 1500
1346 28 135 25 28 25000 1500
1347 63 135 25 30 24000 1500
1348 63 135 25 30 24000 1500
1349 21 135 25 30 24000 1500
1350 28 135 25 29 24000 1500
1351 21 135 25 30 24000 1500
1352 63 135 25 30 25000 1500
1353 63 135 25 30 25000 1500
1354 50 135 25 29 25000 1500
1355 54 135 25 30 25000 1500
1356 69 135 25 29 25000 1500
1357 12 135 25 30 25000 1500
1358 25 135 25 30 24000 1500
1359 11 135 25 30 25000 1500
1360 64 135 25 30 24000 1500
1361 50 135 25 29 25000 1500
1362 70 135 25 29 24000 1500
1363 27 135 25 30 25000 1500
1364 60 135 25 29 28000 1500
1365 21 135 25 29 24000 1500
1366 74 135 25 30 25000 1500
1367 57 135 25 29 25000 1500
1368 60 135 25 30 24000 1500
1369 19 135 25 30 24000 1500
1370 61 135 25 30 25000 1500
1371 60 135 25 30 24000 1500
1372 19 135 25 30 24000 1500
1373 61 135 25 30 25000 1500
1374 19 135 25 30 24000 1500
1375 54 135 25 30 25000 1500
1376 53 135 25 28 28000 1500
1377 13 135 25 30 25000 1500
1378 67 135 25 30 25500 1500
1379 67 135 25 30 25500 1500
1380 68 135 25 29 24000 1500
1381 55 135 25 30 24000 1500
1382 26 135 25 30 24000 1500
1383 27 135 25 30 25000 1500
1384 71 135 25 30 25000 1500
1385 67 135 25 30 25000 1500
1386 26 135 25 30 24000 1500
1387 12 135 25 30 25500 1500
1388 61 135 25 30 24000 1500
1389 26 135 25 30 25000 1500
1390 61 135 25 30 24000 1500
1391 62 135 25 29 28000 1500
1392 21 135 25 30 28000 1500
1393 57 135 25 28 25000 1500
1394 18 135 25 30 25000 1500
1395 13 135 25 30 25000 1500
1396 12 135 25 30 25000 1500
1397 50 135 25 29 24000 1500
1398 49 135 25 29 26000 1500
1399 68 135 25 30 24000 1500
1400 54 135 25 29 28000 1500
1401 68 135 25 30 24000 1500
1402 68 135 25 30 25000 1500
1403 53 135 25 29 25000 1500
1404 50 135 25 29 24000 1500
1405 22 135 25 30 25000 1500
1406 25 135 25 30 25000 1500
1407 69 135 25 30 25000 1500
1408 62 135 25 30 25000 1500
1409 57 135 25 30 24000 1500
1410 27 135 25 30 25000 1500
1411 12 135 25 30 25000 1500
1412 26 135 25 30 25000 1500
1413 69 135 25 30 28000 1500
1414 69 135 25 29 24000 1500
1415 70 135 25 30 25000 1500
1416 63 135 25 30 25000 1500
1417 20 135 25 29 24000 1500
1418 63 135 25 30 25000 1500
1419 20 135 25 29 24000 1500
1420 50 135 25 30 24000 1500
1421 61 135 25 30 24000 1500
1422 20 135 25 30 25000 1500
1423 61 135 25 30 24000 1500
1424 25 135 25 29 28000 1500
1425 74 135 25 30 24000 1500
1426 64 135 25 29 24000 1500
1427 27 135 25 30 24000 1500
1428 67 135 25 30 24000 1500
1429 49 135 25 28 28000 1500
1430 22 135 25 30 25000 1500
1431 62 135 25 30 24000 1500
1432 74 135 25 30 25000 1500
1433 55 135 25 30 25000 1500
1434 61 135 25 28 25000 1500
1435 64 135 25 30 25000 1500
1436 15 135 25 30 25000 1500
1437 64 135 25 30 25000 1500
1438 28 135 25 30 25000 1500
1439 53 135 25 29 24000 1500
1440 15 135 25 30 24000 1500
1441 8 135 25 30 25000 1500
1442 57 135 25 29 28000 1500
1443 56 135 25 30 25000 1500
1444 56 135 25 30 24000 1500
1445 63 135 25 29 24000 1500
1446 21 135 25 29 24000 1500
1447 25 135 25 30 25000 1500
1448 20 135 25 30 25000 1500
1449 69 135 25 29 24000 1500
1450 12 135 25 30 28000 1500
1451 55 135 25 30 24000 1500
1452 12 135 25 30 28000 1500
1453 18 135 25 30 25000 1500
1454 68 135 25 30 25500 1500
1455 20 135 25 29 28000 1500
1456 19 135 25 29 24000 1500
1457 70 135 25 30 28000 1500
1458 56 135 25 30 24000 1500
1459 27 135 25 30 25000 1500
1460 19 135 25 30 25000 1500
1461 57 135 25 30 25000 1500
1462 70 135 25 30 25000 1500
1463 55 135 25 30 24000 1500
1464 55 135 25 30 24000 1500
1465 54 135 25 29 24000 1500
1466 71 135 25 30 25000 1500
1467 68 135 25 30 24000 1500
1468 13 135 25 30 25000 1500
1469 54 135 25 29 25000 1500
1470 63 135 25 30 24000 1500
1471 61 135 25 30 24000 1500
1472 54 135 25 29 26000 1500
1473 25 135 25 30 25000 1500
1474 64 135 25 30 25000 1500
1475 18 135 25 29 24000 1500
1476 20 135 25 30 24000 1500
1477 60 135 25 30 24000 1500
1478 27 135 25 30 28000 1500
1479 53 135 25 28 25000 1500
1480 67 135 25 30 25000 1500
1481 22 135 25 30 25000 1500
1482 56 135 25 29 24000 1500
1483 50 135 25 28 25000 1500
1484 7 135 25 30 24000 1500
1485 21 135 25 30 25000 1500
1486 61 135 25 30 25000 1500
1487 28 135 25 30 28000 1500
1488 19 135 25 29 28000 1500
1489 61 135 25 30 24000 1500
1490 61 135 25 30 25000 1500
1491 8 135 25 30 24000 1500
1492 8 135 25 30 24000 1500
1493 57 135 25 29 24000 1500
1494 71 135 25 30 25000 1500
1495 18 135 25 30 25000 1500
1496 68 135 25 30 25000 1500
1497 53 135 25 30 24000 1500
1498 62 135 25 30 25000 1500
1499 53 135 25 29 25000 1500
1500 8 135 25 30 25000 1500
1501 7 135 25 30 24000 1500
1502 68 135 25 29 28000 1500
1503 56 135 25 29 26000 1500
1504 22 135 25 30 24000 1500
1505 62 135 25 30 25000 1500
1506 62 135 25 30 24000 1500
1507 57 135 25 29 24000 1500
1508 69 135 25 30 24000 1500
