nbCamions 1509
Id_truck Number_of_suppliers Supplier_code
0 2 7 33
1 1 57
2 1 60
3 1 108
4 1 60
5 2 59 3
6 1 99
7 1 11
8 1 84
9 2 5 119
10 1 48
11 1 22
12 4 56 78 82 93
13 1 11
14 1 86
15 1 40
16 1 42
17 1 84
18 1 11
19 1 42
20 2 72 8
21 2 77 120
22 1 53
23 1 57
24 1 57
25 1 57
26 1 57
27 1 11
28 1 57
29 1 11
30 2 64 20
31 1 101
32 1 84
33 2 53 65
34 2 77 120
35 1 111
36 1 47
37 1 86
38 1 39
39 1 111
40 1 40
41 3 1 46 4
42 1 65
43 2 59 3
44 1 86
45 1 111
46 1 57
47 2 61 109
48 1 57
49 1 86
50 1 57
51 1 57
52 1 57
53 1 57
54 1 111
55 1 52
56 2 45 44
57 1 91
58 1 12
59 2 19 28
60 2 67 72
61 1 104
62 2 19 14
63 1 65
64 2 54 29
65 2 15 66
66 3 16 120 76
67 4 56 78 82 93
68 2 2 37
69 2 13 35
70 2 107 101
71 1 105
72 2 54 29
73 1 84
74 1 52
75 1 123
76 1 103
77 1 103
78 1 45
79 2 59 3
80 1 99
81 1 110
82 2 63 71
83 3 87 97 81
84 3 31 44 21
85 1 57
86 3 87 97 81
87 2 7 33
88 1 57
89 1 52
90 2 45 44
91 1 52
92 2 106 121
93 1 125
94 2 23 62
95 1 70
96 1 102
97 1 106
98 1 38
99 2 23 62
100 2 45 44
101 2 58 75
102 1 11
103 1 84
104 1 40
105 1 52
106 2 61 109
107 2 107 101
108 1 40
109 1 12
110 1 102
111 2 105 51
112 2 45 44
113 2 19 14
114 2 77 120
115 1 60
116 1 38
117 1 38
118 3 31 44 21
119 2 23 62
120 1 70
121 1 48
122 1 40
123 2 107 101
124 2 54 29
125 1 125
126 2 72 8
127 1 40
128 2 77 120
129 1 123
130 2 5 119
131 2 61 109
132 2 19 14
133 1 123
134 1 12
135 1 42
136 1 105
137 1 38
138 2 107 101
139 1 60
140 2 104 9
141 1 38
142 1 123
143 2 61 109
144 1 101
145 3 1 46 4
146 2 63 71
147 1 111
148 2 105 51
149 1 48
150 1 58
151 1 65
152 1 106
153 1 106
154 1 111
155 1 40
156 2 107 101
157 1 86
158 1 34
159 1 70
160 2 5 119
161 1 111
162 1 42
163 1 52
164 3 31 44 21
165 1 38
166 1 38
167 1 101
168 1 11
169 1 25
170 1 42
171 1 60
172 1 34
173 1 70
174 2 105 51
175 1 52
176 1 11
177 2 13 35
178 2 54 29
179 3 1 46 4
180 1 15
181 2 59 3
182 2 45 44
183 1 108
184 1 38
185 3 1 46 4
186 1 86
187 2 67 72
188 2 54 29
189 2 67 72
190 1 52
191 2 60 36
192 2 38 42
193 1 84
194 1 11
195 1 25
196 1 8
197 1 42
198 2 23 62
199 1 57
200 1 38
201 1 102
202 1 104
203 1 57
204 1 123
205 2 23 62
206 1 22
207 2 53 98
208 2 80 68
209 1 53
210 1 52
211 1 11
212 1 102
213 1 123
214 1 57
215 2 59 3
216 1 57
217 1 57
218 1 57
219 1 101
220 1 57
221 1 70
222 2 45 44
223 1 103
224 6 115 116 118 117 112 73
225 1 123
226 4 56 78 82 93
227 1 84
228 1 103
229 1 57
230 1 102
231 1 60
232 1 103
233 1 39
234 1 125
235 1 86
236 4 56 78 82 93
237 1 102
238 2 15 66
239 1 38
240 1 65
241 2 72 8
242 1 84
243 1 123
244 1 39
245 2 2 37
246 1 103
247 1 103
248 1 42
249 1 42
250 1 57
251 1 57
252 6 115 116 118 117 112 73
253 1 57
254 2 5 119
255 1 57
256 1 60
257 2 15 66
258 1 111
259 2 60 36
260 1 57
261 1 57
262 2 105 51
263 1 57
264 1 84
265 1 57
266 1 57
267 2 60 36
268 3 87 97 81
269 2 19 14
270 1 39
271 2 64 20
272 2 77 120
273 2 58 75
274 1 52
275 1 40
276 2 54 29
277 1 39
278 1 42
279 1 38
280 1 125
281 1 12
282 1 47
283 1 103
284 1 27
285 2 19 14
286 1 52
287 1 99
288 1 15
289 1 102
290 1 34
291 1 57
292 1 57
293 2 77 120
294 2 72 8
295 1 57
296 1 39
297 1 57
298 1 57
299 1 35
300 1 103
301 1 47
302 1 57
303 1 57
304 1 103
305 1 103
306 2 96 32
307 1 52
308 1 106
309 2 106 121
310 1 106
311 1 103
312 1 35
313 4 56 78 82 93
314 1 123
315 1 57
316 3 47 50 49
317 1 103
318 2 107 101
319 1 57
320 1 88
321 3 16 120 76
322 1 57
323 1 57
324 1 57
325 1 57
326 1 103
327 1 57
328 1 57
329 1 77
330 1 74
331 1 57
332 2 13 35
333 1 70
334 1 86
335 1 11
336 1 57
337 1 52
338 1 52
339 1 88
340 1 103
341 1 11
342 1 103
343 1 48
344 2 15 66
345 1 27
346 2 60 36
347 1 57
348 1 57
349 2 77 120
350 1 57
351 1 57
352 1 106
353 1 102
354 3 16 120 76
355 1 57
356 1 57
357 1 106
358 1 60
359 3 19 28 14
360 2 15 66
361 1 105
362 2 45 44
363 1 38
364 1 35
365 1 88
366 1 25
367 1 86
368 1 38
369 1 40
370 1 11
371 1 70
372 3 1 46 4
373 1 104
374 4 56 78 82 93
375 1 57
376 1 57
377 1 15
378 1 22
379 1 70
380 1 40
381 1 57
382 1 103
383 1 108
384 1 103
385 1 53
386 2 19 14
387 1 57
388 1 57
389 1 70
390 1 40
391 1 125
392 2 72 8
393 1 11
394 1 106
395 1 35
396 1 84
397 2 104 9
398 1 84
399 1 70
400 2 53 65
401 1 57
402 1 57
403 1 60
404 1 52
405 1 53
406 1 57
407 1 27
408 2 67 72
409 1 57
410 1 103
411 1 111
412 1 102
413 2 23 62
414 1 65
415 1 48
416 1 60
417 2 23 62
418 1 106
419 4 114 113 83 85
420 2 59 3
421 2 84 122
422 1 11
423 1 39
424 1 52
425 2 92 80
426 3 6 18 17
427 1 52
428 1 53
429 1 38
430 2 77 120
431 2 38 42
432 1 84
433 1 11
434 1 38
435 1 103
436 1 99
437 1 52
438 1 57
439 1 42
440 2 84 122
441 2 64 20
442 2 105 51
443 1 74
444 1 52
445 1 110
446 1 42
447 1 38
448 4 56 78 82 93
449 1 47
450 1 60
451 3 55 69 26
452 1 111
453 2 105 51
454 1 52
455 1 34
456 1 111
457 2 61 109
458 1 11
459 1 22
460 2 63 71
461 1 74
462 1 101
463 1 39
464 1 123
465 1 111
466 1 111
467 1 102
468 2 58 75
469 3 40 79 94
470 2 64 20
471 1 65
472 2 54 29
473 1 60
474 1 34
475 2 77 120
476 1 57
477 2 80 68
478 1 60
479 1 98
480 2 54 29
481 2 104 9
482 1 53
483 2 107 101
484 3 19 28 14
485 1 39
486 1 60
487 2 5 119
488 1 38
489 1 11
490 1 38
491 1 27
492 1 103
493 2 45 44
494 1 103
495 1 38
496 2 107 101
497 2 38 42
498 2 104 9
499 1 70
500 1 88
501 1 123
502 2 64 20
503 1 70
504 2 77 120
505 1 52
506 1 52
507 1 111
508 2 5 119
509 2 107 101
510 1 58
511 2 61 109
512 1 102
513 1 84
514 2 45 44
515 1 123
516 2 23 62
517 2 105 51
518 1 12
519 2 23 62
520 1 102
521 1 60
522 2 63 71
523 1 27
524 2 104 9
525 1 86
526 2 96 32
527 1 60
528 1 12
529 2 105 51
530 2 77 120
531 3 16 120 76
532 1 52
533 1 52
534 2 104 9
535 1 111
536 2 38 42
537 1 38
538 1 59
539 1 88
540 1 125
541 1 48
542 1 40
543 1 91
544 1 65
545 1 53
546 1 84
547 1 123
548 1 57
549 1 11
550 3 55 69 26
551 1 106
552 1 11
553 2 2 37
554 1 108
555 2 54 29
556 1 48
557 1 57
558 1 57
559 4 56 78 82 93
560 1 99
561 2 64 20
562 1 110
563 1 48
564 1 38
565 1 70
566 1 40
567 2 38 42
568 1 57
569 1 99
570 1 57
571 1 57
572 1 57
573 1 52
574 1 57
575 1 11
576 1 11
577 1 52
578 1 52
579 1 57
580 1 101
581 1 106
582 1 11
583 1 57
584 1 11
585 1 110
586 1 111
587 2 106 121
588 1 111
589 1 39
590 1 52
591 2 38 42
592 1 57
593 1 57
594 1 99
595 1 57
596 1 57
597 1 48
598 1 57
599 1 27
600 1 40
601 1 22
602 2 38 42
603 1 111
604 2 45 44
605 1 105
606 1 60
607 2 61 109
608 1 52
609 2 80 68
610 2 2 37
611 1 84
612 1 110
613 2 63 71
614 2 59 3
615 2 53 65
616 1 52
617 1 88
618 2 106 121
619 1 70
620 1 106
621 1 11
622 2 19 14
623 3 6 18 17
624 1 108
625 2 54 29
626 1 125
627 1 111
628 1 47
629 1 111
630 1 110
631 2 54 29
632 3 87 97 81
633 1 52
634 1 52
635 1 22
636 2 19 14
637 2 7 33
638 1 74
639 1 12
640 2 45 44
641 1 22
642 2 58 75
643 1 125
644 2 54 29
645 1 99
646 3 55 69 26
647 2 61 109
648 2 2 37
649 2 59 3
650 2 54 29
651 1 52
652 2 2 37
653 1 11
654 1 39
655 2 7 33
656 2 105 51
657 1 57
658 1 57
659 1 57
660 2 110 95
661 1 47
662 1 57
663 1 57
664 1 57
665 1 110
666 2 5 119
667 3 47 50 49
668 1 57
669 1 57
670 1 57
671 1 57
672 2 2 37
673 2 5 119
674 1 57
675 1 99
676 3 40 79 94
677 1 74
678 1 22
679 1 34
680 2 54 29
681 1 52
682 1 47
683 1 57
684 1 52
685 1 57
686 1 48
687 1 57
688 3 89 100 90
689 1 11
690 1 40
691 1 57
692 1 57
693 2 45 44
694 2 2 37
695 1 47
696 1 52
697 1 111
698 1 52
699 1 12
700 1 57
701 1 57
702 1 74
703 2 59 3
704 1 52
705 3 6 18 17
706 1 57
707 1 57
708 1 57
709 3 31 44 21
710 2 84 122
711 1 111
712 3 47 50 49
713 1 111
714 2 72 8
715 1 84
716 1 57
717 1 57
718 1 84
719 1 40
720 2 105 51
721 2 2 37
722 2 105 51
723 1 88
724 2 72 8
725 2 110 95
726 2 7 33
727 2 61 109
728 2 15 66
729 1 70
730 2 7 33
731 1 38
732 2 64 20
733 1 42
734 1 86
735 2 104 9
736 1 111
737 1 22
738 1 115
739 1 48
740 1 57
741 1 38
742 1 8
743 1 123
744 1 53
745 1 52
746 1 123
747 1 84
748 3 19 28 14
749 1 106
750 1 57
751 1 52
752 1 57
753 1 38
754 1 57
755 1 57
756 1 52
757 2 61 109
758 3 89 100 90
759 2 104 9
760 2 72 8
761 1 57
762 1 25
763 2 105 51
764 1 57
765 4 114 113 83 85
766 1 11
767 2 58 75
768 3 6 18 17
769 2 38 42
770 1 101
771 1 25
772 1 25
773 1 11
774 1 52
775 1 115
776 1 123
777 1 11
778 1 106
779 1 47
780 1 106
781 2 64 20
782 1 48
783 1 35
784 1 91
785 2 61 109
786 1 99
787 1 102
788 1 60
789 1 60
790 1 74
791 2 23 62
792 1 57
793 1 88
794 1 102
795 1 52
796 2 60 36
797 1 52
798 1 123
799 1 57
800 3 16 120 76
801 1 59
802 2 54 29
803 1 47
804 1 40
805 1 34
806 1 111
807 1 111
808 1 111
809 1 52
810 1 84
811 2 96 32
812 3 16 120 76
813 1 74
814 1 84
815 4 56 78 82 93
816 3 55 69 26
817 1 70
818 2 58 75
819 1 108
820 1 70
821 1 34
822 2 58 75
823 1 123
824 1 12
825 1 86
826 2 58 75
827 1 123
828 1 86
829 1 102
830 2 38 42
831 3 40 79 94
832 1 84
833 1 103
834 1 103
835 2 53 65
836 1 53
837 1 111
838 2 2 37
839 2 84 122
840 3 16 120 76
841 1 84
842 1 110
843 2 23 62
844 1 102
845 1 27
846 2 61 109
847 1 34
848 1 106
849 1 65
850 3 92 53 80
851 1 102
852 2 23 62
853 1 53
854 2 105 51
855 1 102
856 1 60
857 1 84
858 1 110
859 1 99
860 2 104 9
861 1 52
862 1 84
863 1 11
864 2 45 44
865 1 86
866 1 60
867 1 86
868 1 101
869 1 52
870 1 27
871 2 64 20
872 2 61 109
873 2 110 95
874 2 2 37
875 1 70
876 1 11
877 3 19 28 14
878 2 104 9
879 4 56 78 82 93
880 3 19 28 14
881 2 107 101
882 1 111
883 2 58 75
884 1 57
885 1 111
886 2 38 42
887 2 59 3
888 1 74
889 4 56 78 82 93
890 1 84
891 1 34
892 1 86
893 1 123
894 1 11
895 1 91
896 1 86
897 1 86
898 2 105 51
899 1 53
900 1 60
901 2 64 20
902 1 60
903 1 101
904 1 52
905 1 111
906 1 34
907 2 61 109
908 1 57
909 1 86
910 2 5 119
911 1 27
912 1 111
913 4 56 78 82 93
914 1 111
915 1 47
916 1 111
917 2 2 37
918 2 110 95
919 1 106
920 1 57
921 3 16 120 76
922 1 57
923 1 57
924 1 35
925 1 57
926 1 102
927 1 34
928 1 57
929 1 35
930 1 57
931 1 70
932 1 57
933 3 40 79 94
934 1 102
935 1 57
936 1 57
937 1 57
938 1 57
939 1 101
940 1 57
941 1 57
942 1 86
943 2 107 101
944 1 57
945 2 38 42
946 1 11
947 1 57
948 3 47 50 49
949 1 115
950 3 89 100 90
951 2 80 68
952 1 53
953 2 53 98
954 1 84
955 1 34
956 2 58 75
957 2 2 37
958 2 64 20
959 1 34
960 2 19 14
961 1 102
962 1 57
963 1 57
964 1 57
965 2 61 109
966 1 11
967 1 103
968 1 39
969 1 103
970 1 11
971 1 86
972 2 58 75
973 1 52
974 1 57
975 2 58 75
976 1 57
977 2 23 62
978 1 88
979 2 105 51
980 2 19 14
981 3 40 79 94
982 1 11
983 3 16 120 76
984 2 105 51
985 2 60 36
986 1 38
987 4 114 113 83 85
988 1 38
989 2 64 20
990 3 16 120 76
991 1 11
992 2 54 29
993 1 57
994 1 70
995 1 11
996 1 57
997 1 70
998 1 57
999 2 72 8
1000 1 57
1001 2 105 51
1002 1 57
1003 1 70
1004 1 40
1005 1 25
1006 1 123
1007 1 123
1008 1 86
1009 1 111
1010 1 101
1011 1 123
1012 4 118 112 117 73
1013 1 48
1014 2 19 14
1015 1 52
1016 1 103
1017 1 103
1018 1 57
1019 1 57
1020 1 111
1021 1 57
1022 1 103
1023 1 111
1024 1 57
1025 1 103
1026 1 57
1027 1 57
1028 1 102
1029 2 77 120
1030 1 57
1031 1 22
1032 1 57
1033 1 106
1034 1 57
1035 1 103
1036 2 45 44
1037 1 86
1038 1 102
1039 1 103
1040 4 114 113 83 85
1041 3 92 53 80
1042 1 53
1043 2 107 101
1044 2 13 35
1045 1 101
1046 1 123
1047 1 52
1048 1 25
1049 1 15
1050 1 74
1051 1 57
1052 1 115
1053 1 47
1054 3 16 120 76
1055 1 35
1056 2 110 95
1057 1 70
1058 1 57
1059 1 57
1060 1 57
1061 1 102
1062 1 57
1063 1 103
1064 1 35
1065 1 103
1066 1 57
1067 6 115 116 118 117 112 73
1068 1 84
1069 1 110
1070 1 8
1071 2 64 20
1072 1 57
1073 1 99
1074 1 99
1075 2 15 66
1076 1 57
1077 1 22
1078 1 103
1079 1 47
1080 2 72 8
1081 2 60 36
1082 3 16 120 76
1083 1 57
1084 1 57
1085 2 7 33
1086 1 48
1087 4 114 113 83 85
1088 1 52
1089 1 52
1090 1 52
1091 1 103
1092 2 7 33
1093 2 15 66
1094 4 56 78 82 93
1095 3 16 120 76
1096 1 38
1097 1 102
1098 2 77 120
1099 1 102
1100 2 38 42
1101 1 106
1102 1 70
1103 1 102
1104 1 57
1105 1 57
1106 1 91
1107 1 57
1108 3 19 28 14
1109 2 15 66
1110 1 123
1111 1 22
1112 1 52
1113 1 57
1114 1 52
1115 1 15
1116 1 101
1117 3 87 97 81
1118 1 22
1119 6 115 116 118 117 112 73
1120 1 84
1121 1 99
1122 1 59
1123 1 103
1124 1 57
1125 1 125
1126 1 11
1127 1 103
1128 1 103
1129 3 16 120 76
1130 2 60 36
1131 1 84
1132 2 2 37
1133 1 111
1134 3 6 18 17
1135 1 111
1136 2 5 119
1137 1 11
1138 1 111
1139 1 52
1140 4 114 113 83 85
1141 1 70
1142 1 102
1143 2 64 20
1144 1 57
1145 1 57
1146 1 38
1147 1 27
1148 1 53
1149 2 15 66
1150 2 80 68
1151 2 107 101
1152 2 53 98
1153 2 61 109
1154 1 11
1155 1 57
1156 1 57
1157 2 110 95
1158 1 57
1159 2 67 72
1160 1 86
1161 2 60 36
1162 1 52
1163 1 84
1164 1 57
1165 1 102
1166 1 57
1167 1 52
1168 6 115 116 118 117 112 73
1169 2 53 65
1170 1 53
1171 1 11
1172 2 23 62
1173 2 13 35
1174 1 57
1175 1 57
1176 1 65
1177 1 53
1178 1 57
1179 1 57
1180 3 92 53 80
1181 1 102
1182 1 52
1183 4 56 82 93 78
1184 1 11
1185 2 77 120
1186 1 52
1187 1 27
1188 3 55 69 26
1189 1 108
1190 1 111
1191 2 7 33
1192 2 19 14
1193 1 111
1194 4 56 78 82 93
1195 1 101
1196 1 39
1197 1 40
1198 1 88
1199 1 84
1200 2 64 20
1201 1 88
1202 1 70
1203 1 108
1204 1 57
1205 1 103
1206 2 19 28
1207 1 38
1208 1 106
1209 1 103
1210 1 57
1211 1 74
1212 1 48
1213 1 48
1214 1 86
1215 1 101
1216 1 86
1217 1 111
1218 3 16 120 76
1219 2 60 36
1220 4 56 78 82 93
1221 2 107 101
1222 1 27
1223 1 35
1224 1 86
1225 1 84
1226 1 86
1227 2 15 66
1228 1 40
1229 1 108
1230 3 47 50 49
1231 1 111
1232 2 60 36
1233 1 111
1234 2 23 62
1235 2 64 20
1236 1 25
1237 2 105 51
1238 2 61 109
1239 1 91
1240 1 70
1241 2 107 101
1242 1 52
1243 1 48
1244 1 12
1245 1 103
1246 1 11
1247 1 108
1248 1 70
1249 1 105
1250 1 70
1251 2 61 109
1252 3 16 120 76
1253 4 56 78 82 93
1254 1 70
1255 1 48
1256 1 52
1257 2 96 32
1258 3 89 100 90
1259 1 88
1260 1 84
1261 1 106
1262 3 31 44 21
1263 1 58
1264 1 86
1265 1 52
1266 1 11
1267 1 11
1268 1 123
1269 1 53
1270 1 110
1271 1 111
1272 1 11
1273 1 111
1274 1 86
1275 1 8
1276 1 115
1277 1 84
1278 1 70
1279 1 110
1280 1 57
1281 3 1 46 4
1282 1 111
1283 2 104 9
1284 1 60
1285 1 111
1286 1 60
1287 1 34
1288 1 111
1289 1 111
1290 1 60
1291 1 60
1292 6 115 116 118 117 112 73
1293 2 72 8
1294 1 40
1295 1 11
1296 1 123
1297 1 42
1298 1 125
1299 1 108
1300 3 87 97 81
1301 2 61 109
1302 1 70
1303 1 70
1304 1 84
1305 1 106
1306 1 60
1307 1 35
1308 1 47
1309 4 56 78 82 93
1310 1 60
1311 2 77 120
1312 1 84
1313 3 16 120 76
1314 3 40 79 94
1315 2 45 44
1316 1 48
1317 2 15 66
1318 1 86
1319 1 57
1320 2 5 119
1321 2 7 33
1322 2 84 122
1323 1 105
1324 1 111
1325 2 23 62
1326 1 25
1327 2 64 20
1328 2 104 9
1329 1 57
1330 1 106
1331 1 57
1332 6 115 116 118 117 112 73
1333 1 52
1334 1 11
1335 1 99
1336 1 106
1337 2 2 37
1338 1 91
1339 2 96 32
1340 1 52
1341 1 11
1342 1 102
1343 1 84
1344 1 110
1345 2 54 29
1346 2 84 122
1347 1 103
1348 1 103
1349 1 53
1350 3 89 100 90
1351 3 92 53 80
1352 1 86
1353 1 86
1354 2 104 9
1355 2 64 20
1356 1 111
1357 2 105 51
1358 1 125
1359 2 59 3
1360 2 107 101
1361 1 52
1362 2 5 119
1363 1 47
1364 1 35
1365 1 106
1366 2 45 44
1367 1 52
1368 1 103
1369 2 53 98
1370 1 86
1371 1 103
1372 2 80 68
1373 1 86
1374 1 53
1375 1 47
1376 1 123
1377 1 12
1378 1 77
1379 3 16 120 76
1380 6 115 116 118 117 112 73
1381 1 125
1382 1 101
1383 1 48
1384 1 40
1385 1 57
1386 2 107 101
1387 2 54 29
1388 2 107 101
1389 1 86
1390 1 101
1391 2 13 35
1392 2 61 109
1393 1 84
1394 1 11
1395 3 31 44 21
1396 1 74
1397 2 106 121
1398 3 87 97 81
1399 1 8
1400 2 7 33
1401 1 25
1402 1 70
1403 1 104
1404 1 106
1405 1 108
1406 1 47
1407 1 40
1408 1 102
1409 1 125
1410 1 108
1411 1 22
1412 1 48
1413 1 52
1414 3 55 69 26
1415 1 22
1416 1 57
1417 1 106
1418 1 57
1419 1 106
1420 1 65
1421 1 103
1422 1 48
1423 1 103
1424 2 2 37
1425 1 99
1426 6 115 116 118 117 112 73
1427 1 125
1428 1 103
1429 1 123
1430 3 47 50 49
1431 1 103
1432 1 12
1433 1 47
1434 1 84
1435 1 57
1436 1 11
1437 1 57
1438 2 96 32
1439 1 106
1440 1 99
1441 1 102
1442 2 7 33
1443 1 47
1444 1 53
1445 1 115
1446 3 89 100 90
1447 1 48
1448 1 110
1449 3 6 18 17
1450 1 52
1451 1 65
1452 1 52
1453 2 59 3
1454 2 77 120
1455 2 2 37
1456 1 106
1457 1 52
1458 3 92 53 80
1459 1 110
1460 1 48
1461 3 47 50 49
1462 2 59 3
1463 1 53
1464 2 53 65
1465 1 106
1466 1 22
1467 1 103
1468 1 11
1469 1 52
1470 2 72 8
1471 1 8
1472 3 87 97 81
1473 1 110
1474 1 15
1475 2 5 119
1476 1 125
1477 2 72 8
1478 2 61 109
1479 1 84
1480 1 102
1481 2 110 95
1482 1 106
1483 1 84
1484 1 103
1485 1 48
1486 1 57
1487 2 61 109
1488 2 7 33
1489 1 25
1490 1 57
1491 1 103
1492 1 103
1493 1 106
1494 1 11
1495 1 12
1496 1 102
1497 1 53
1498 1 57
1499 1 52
1500 1 15
1501 1 103
1502 1 35
1503 3 87 97 81
1504 1 125
1505 1 57
1506 2 67 72
1507 2 106 121
1508 1 99
