nbObjets 1672
Id_item Supplier_code Length Width Height Weight Stackability_code Earliest_arrival_time Latest_arrival_time Inventory_cost
0 12 7 5 4 81 5 46 49 20
1 12 7 5 4 96 5 16 17 30
2 7 12 10 9 577 3 9 10 70
3 4 14 12 11 278 7 52 53 150
4 12 7 5 4 100 5 4 7 10
5 8 14 12 14 179 2 50 51 100
6 12 16 12 9 1471 4 9 10 260
7 12 19 12 7 713 1 37 38 130
8 8 14 12 14 179 2 35 36 100
9 11 16 12 13 303 4 28 29 50
10 4 14 12 11 317 7 15 16 160
11 12 12 10 7 227 3 46 49 50
12 12 7 5 4 101 5 44 45 30
13 12 7 5 4 270 5 32 35 60
14 3 16 12 9 454 4 46 49 80
15 12 16 12 9 547 4 25 28 10
16 11 16 12 13 303 4 44 45 50
17 12 16 12 9 547 4 9 10 10
18 11 16 12 13 303 4 22 23 50
19 1 12 10 9 246 3 18 21 40
20 12 12 10 5 729 3 14 15 20
21 11 16 12 13 303 4 35 36 50
22 12 12 10 7 229 3 53 56 40
23 12 7 5 4 160 5 32 35 10
24 8 14 12 14 179 2 18 21 100
25 12 7 5 4 269 5 14 15 60
26 11 16 12 13 303 4 11 14 50
27 8 14 12 14 179 2 18 21 100
28 11 16 12 13 207 4 39 42 50
29 12 12 10 7 267 3 44 45 60
30 8 14 12 14 179 2 35 36 100
31 12 16 12 9 438 4 30 31 10
32 8 14 12 14 179 2 46 49 100
33 11 16 12 13 303 4 56 57 50
34 12 12 10 7 227 3 25 28 50
35 11 16 12 13 207 4 52 53 50
36 3 12 10 9 324 3 11 14 70
37 1 12 10 9 165 3 60 63 30
38 1 16 12 9 277 4 18 21 80
39 11 16 12 13 207 4 7 8 50
40 12 7 5 4 101 5 30 31 30
41 12 7 5 4 96 5 30 31 30
42 7 12 10 9 577 3 25 28 70
43 5 12 10 3 29 6 45 46 740
44 11 16 12 13 303 4 3 4 50
45 3 12 10 9 324 3 53 56 70
46 12 19 12 7 845 1 30 31 130
47 8 14 12 14 179 2 50 51 100
48 12 12 10 7 500 3 42 43 70
49 3 12 10 11 366 6 18 21 100
50 1 12 10 5 122 6 25 28 200
51 12 12 10 7 405 3 51 52 80
52 12 12 10 7 176 3 14 15 30
53 11 16 12 13 207 4 31 32 50
54 12 7 5 4 160 5 23 24 10
55 12 12 10 7 229 3 60 63 40
56 12 12 10 7 351 3 56 57 60
57 12 16 12 9 547 4 51 52 10
58 1 12 10 9 156 3 60 63 30
59 12 16 12 9 611 4 7 8 110
60 4 14 12 11 317 7 51 52 160
61 12 16 12 9 1471 4 30 31 260
62 11 16 12 13 303 4 2 3 50
63 1 16 12 9 277 4 46 49 80
64 12 12 10 7 405 3 25 28 80
65 1 12 10 5 127 6 46 49 220
66 12 12 10 7 227 3 4 7 50
67 4 14 12 11 317 7 9 10 160
68 12 12 10 10 164 6 7 8 50
69 12 12 10 7 351 3 60 63 60
70 12 7 5 4 82 5 53 56 20
71 12 12 10 7 500 3 32 35 70
72 12 12 10 10 179 6 16 17 40
73 12 7 5 4 82 5 11 14 20
74 3 12 10 11 366 6 25 28 100
75 12 12 10 7 227 3 18 21 50
76 3 16 12 9 454 4 4 7 80
77 12 7 5 4 160 5 58 59 10
78 12 7 5 4 269 5 39 42 60
79 11 16 12 13 207 4 21 22 50
80 8 14 12 14 179 2 31 32 100
81 12 16 12 9 514 4 25 28 100
82 12 12 10 9 337 3 9 10 50
83 12 12 10 9 384 3 60 63 60
84 12 16 12 9 611 4 39 42 110
85 12 12 10 10 164 6 14 15 50
86 3 16 12 9 454 4 18 21 80
87 3 12 10 6 330 6 39 42 70
88 7 12 10 9 577 3 51 52 70
89 12 12 10 9 652 3 9 10 100
90 11 16 12 13 207 4 8 9 50
91 12 12 10 7 229 3 28 29 40
92 1 12 10 9 183 3 4 7 50
93 1 12 10 9 165 3 18 21 30
94 11 16 12 13 303 4 49 50 50
95 1 16 12 9 277 4 60 63 80
96 11 16 12 13 303 4 35 36 50
97 1 12 10 9 308 3 60 63 40
98 1 12 10 9 165 3 46 49 30
99 11 16 12 13 205 4 31 32 40
100 12 7 5 4 100 5 35 36 10
101 12 12 10 10 164 6 39 42 50
102 11 16 12 13 207 4 36 37 50
103 12 12 10 7 351 3 28 29 60
104 12 16 12 9 514 4 4 7 100
105 8 14 12 14 179 2 8 9 100
106 1 16 12 9 277 4 4 7 80
107 12 7 5 4 100 5 30 31 10
108 12 12 10 7 351 3 35 36 60
109 12 12 10 10 179 6 11 14 40
110 1 12 10 3 77 6 60 63 160
111 11 16 12 13 303 4 28 29 50
112 11 16 12 13 303 4 42 43 50
113 12 7 5 4 160 5 42 43 10
114 12 12 10 5 690 3 51 52 20
115 3 16 12 9 454 4 32 35 80
116 12 7 5 4 100 5 18 21 10
117 5 12 10 9 336 3 59 60 190
118 12 12 10 7 351 3 4 7 60
119 12 19 12 7 845 1 4 7 130
120 12 16 12 9 611 4 14 15 110
121 12 12 10 7 351 3 51 52 60
122 4 14 12 11 278 7 30 31 150
123 3 12 10 11 366 6 4 7 100
124 12 12 10 10 164 6 49 50 50
125 8 14 12 14 179 2 28 29 100
126 4 14 12 11 278 7 57 58 150
127 8 14 12 14 179 2 4 7 100
128 12 7 5 4 270 5 42 43 60
129 3 16 12 9 454 4 60 63 80
130 1 12 10 9 308 3 18 21 40
131 11 16 12 13 303 4 37 38 50
132 1 16 12 9 277 4 18 21 80
133 11 16 12 13 207 4 49 50 50
134 11 16 12 13 207 4 10 11 50
135 11 16 12 13 303 4 45 46 50
136 3 12 10 11 375 6 32 35 80
137 11 16 12 13 205 4 23 24 40
138 12 12 10 7 229 3 11 14 40
139 11 16 12 13 207 4 56 57 50
140 12 7 5 4 81 5 9 10 20
141 11 16 12 13 303 4 16 17 50
142 8 14 12 14 179 2 8 9 100
143 12 16 12 9 1471 4 49 50 260
144 1 12 10 3 70 6 4 7 100
145 12 12 10 7 217 3 60 63 40
146 5 12 10 9 293 3 52 53 520
147 12 12 10 9 384 3 18 21 60
148 12 12 10 7 500 3 37 38 70
149 12 19 12 7 713 1 44 45 130
150 3 12 10 11 366 6 46 49 100
151 12 12 10 9 337 3 30 31 50
152 1 12 10 9 165 3 39 42 30
153 12 12 10 5 729 3 25 28 20
154 12 12 10 9 384 3 35 36 60
155 12 7 5 4 96 5 21 22 30
156 8 14 12 14 179 2 56 57 100
157 11 16 12 13 303 4 24 25 50
158 12 16 12 9 547 4 14 15 10
159 4 14 12 11 278 7 10 11 150
160 12 12 10 7 305 3 37 38 60
161 5 12 10 9 293 3 52 53 0
162 12 12 10 5 690 3 9 10 20
163 12 12 10 7 227 3 35 36 50
164 1 16 12 9 277 4 53 56 80
165 7 12 10 9 527 3 44 45 60
166 8 14 12 14 179 2 30 31 100
167 12 7 5 4 270 5 44 45 60
168 7 12 10 9 527 3 32 35 60
169 8 14 12 14 179 2 60 63 100
170 11 16 12 13 207 4 51 52 50
171 12 19 12 7 845 1 46 49 130
172 12 7 5 4 160 5 44 45 10
173 12 12 10 9 337 3 25 28 50
174 12 12 10 7 351 3 9 10 60
175 8 14 12 14 179 2 23 24 100
176 12 12 10 7 405 3 51 52 80
177 12 7 5 4 81 5 14 15 20
178 12 7 5 4 170 5 30 31 30
179 3 12 10 11 375 6 32 35 80
180 1 12 10 3 77 6 60 63 160
181 1 16 12 9 277 4 11 14 80
182 11 16 12 13 312 4 53 56 50
183 12 16 12 9 438 4 18 21 10
184 1 12 10 9 156 3 4 7 30
185 12 12 10 7 229 3 23 24 40
186 11 16 12 13 312 4 11 14 50
187 1 12 10 9 156 3 60 63 30
188 12 7 5 4 96 5 35 36 30
189 1 12 10 9 156 3 46 49 30
190 3 12 10 11 366 6 60 63 100
191 12 12 10 7 267 3 7 8 60
192 12 12 10 7 227 3 14 15 50
193 12 19 12 7 713 1 32 35 130
194 12 12 10 7 229 3 18 21 40
195 12 12 10 7 405 3 39 42 80
196 12 7 5 4 101 5 37 38 30
197 12 7 5 4 104 5 37 38 30
198 5 12 10 9 336 3 24 25 190
199 11 16 12 13 303 4 59 60 50
200 12 12 10 7 176 3 25 28 30
201 12 12 10 7 229 3 21 22 40
202 1 12 10 9 259 3 39 42 50
203 12 12 10 10 164 6 9 10 50
204 12 12 10 9 337 3 14 15 50
205 1 12 10 9 248 3 11 14 40
206 11 16 12 13 207 4 16 17 50
207 12 12 10 7 229 3 25 28 40
208 5 12 10 9 293 3 10 11 520
209 12 12 10 7 500 3 30 31 70
210 1 12 10 3 77 6 11 14 160
211 12 12 10 7 351 3 58 59 60
212 12 12 10 7 229 3 4 7 40
213 1 12 10 9 248 3 46 49 40
214 12 12 10 9 652 3 4 7 100
215 12 7 5 4 160 5 46 49 10
216 11 16 12 13 207 4 25 28 50
217 12 7 5 4 81 5 56 57 20
218 1 12 10 9 183 3 39 42 50
219 12 12 10 7 305 3 39 42 60
220 12 12 10 5 690 3 11 14 20
221 11 16 12 13 303 4 46 49 50
222 12 16 12 9 611 4 37 38 110
223 12 12 10 7 351 3 14 15 60
224 2 16 12 9 180 4 45 46 10
225 2 16 12 9 180 4 31 32 10
226 8 14 12 14 179 2 58 59 100
227 9 12 10 9 169 3 60 63 30
228 12 19 12 7 845 1 18 21 130
229 7 12 10 9 577 3 53 56 70
230 11 16 12 13 205 4 28 29 40
231 8 14 12 14 179 2 30 31 100
232 12 12 10 7 405 3 16 17 80
233 11 16 12 13 207 4 9 10 50
234 12 19 12 7 713 1 42 43 130
235 11 16 12 13 303 4 7 8 50
236 12 12 10 7 227 3 39 42 50
237 11 16 12 13 303 4 38 39 50
238 1 12 10 3 77 6 25 28 160
239 1 12 10 5 127 6 11 14 220
240 12 12 10 7 405 3 7 8 80
241 12 12 10 5 729 3 44 45 20
242 4 14 12 11 278 7 4 7 150
243 1 12 10 9 246 3 39 42 40
244 12 7 5 4 104 5 49 50 30
245 12 16 12 9 438 4 56 57 10
246 12 19 12 7 845 1 32 35 130
247 12 7 5 4 269 5 44 45 60
248 8 14 12 14 179 2 23 24 100
249 12 12 10 7 229 3 58 59 40
250 1 12 10 5 122 6 39 42 200
251 1 12 10 9 248 3 32 35 40
252 11 16 12 13 205 4 17 17 40
253 12 12 10 7 229 3 9 10 40
254 12 7 5 4 96 5 53 56 30
255 12 7 5 4 82 5 60 63 20
256 12 12 10 7 305 3 32 35 60
257 11 16 12 13 303 4 43 44 50
258 12 12 10 9 337 3 53 56 50
259 12 7 5 4 170 5 4 7 30
260 11 16 12 13 207 4 3 4 50
261 1 12 10 9 165 3 25 28 30
262 12 7 5 4 160 5 53 56 10
263 5 12 10 9 293 3 3 4 520
264 12 12 10 7 405 3 21 22 80
265 1 12 10 9 225 3 11 14 40
266 12 7 5 4 81 5 32 35 20
267 12 16 12 9 438 4 35 36 10
268 12 16 12 9 514 4 58 59 100
269 1 12 10 9 156 3 53 56 30
270 1 12 10 9 156 3 4 7 30
271 11 16 12 13 303 4 9 10 50
272 12 7 5 4 82 5 35 36 20
273 11 16 12 13 303 4 58 59 50
274 12 19 12 7 713 1 49 50 130
275 11 16 12 13 303 4 42 43 50
276 12 7 5 4 100 5 56 57 10
277 9 12 10 9 169 3 18 21 30
278 12 16 12 9 514 4 23 24 100
279 2 16 12 9 180 4 38 39 10
280 12 12 10 7 176 3 44 45 30
281 11 16 12 13 303 4 30 31 50
282 11 16 12 13 303 4 57 58 50
283 12 7 5 4 160 5 30 31 10
284 3 12 10 9 324 3 18 21 70
285 1 12 10 9 225 3 39 42 40
286 3 12 10 9 343 3 32 35 80
287 1 12 10 9 165 3 4 7 30
288 12 16 12 9 438 4 42 43 10
289 1 12 10 9 246 3 32 35 40
290 3 12 10 9 324 3 4 7 70
291 11 16 12 13 303 4 10 11 50
292 8 14 12 14 179 2 38 39 100
293 1 16 12 9 310 4 53 56 60
294 12 12 10 7 229 3 30 31 40
295 1 12 10 5 127 6 46 49 220
296 11 16 12 13 207 4 18 21 50
297 12 12 10 9 384 3 58 59 60
298 12 12 10 10 179 6 58 59 40
299 12 12 10 7 229 3 35 36 40
300 12 12 10 10 179 6 9 10 40
301 8 14 12 14 179 2 36 37 100
302 11 16 12 13 207 4 46 49 50
303 12 12 10 7 227 3 23 24 50
304 1 12 10 9 183 3 18 21 50
305 12 12 10 9 652 3 37 38 100
306 4 14 12 11 317 7 39 42 160
307 4 14 12 11 317 7 29 30 160
308 12 7 5 4 170 5 42 43 30
309 4 14 12 11 317 7 11 14 160
310 11 16 12 13 303 4 60 63 50
311 12 7 5 4 100 5 58 59 10
312 12 12 10 7 229 3 58 59 40
313 12 12 10 7 500 3 49 50 70
314 8 14 12 14 179 2 4 7 100
315 12 7 5 4 160 5 60 63 10
316 1 12 10 9 248 3 60 63 40
317 12 7 5 4 82 5 58 59 20
318 12 12 10 7 176 3 39 42 30
319 12 12 10 7 227 3 56 57 50
320 12 12 10 9 337 3 7 8 50
321 1 12 10 5 122 6 25 28 200
322 12 12 10 9 652 3 16 17 100
323 7 12 10 9 527 3 30 31 60
324 12 7 5 4 160 5 28 29 10
325 12 16 12 9 514 4 16 17 100
326 1 12 10 9 246 3 4 7 40
327 5 12 10 3 29 6 3 4 740
328 11 16 12 13 303 4 25 28 50
329 11 16 12 13 303 4 14 15 50
330 12 12 10 5 729 3 51 52 20
331 11 16 12 13 303 4 50 51 50
332 1 16 12 9 277 4 53 56 80
333 11 16 12 13 303 4 21 22 50
334 12 12 10 7 176 3 51 52 30
335 12 16 12 9 611 4 9 10 110
336 11 16 12 13 303 4 42 43 50
337 11 16 12 13 303 4 28 29 50
338 12 12 10 7 351 3 25 28 60
339 12 12 10 5 729 3 7 8 20
340 11 16 12 13 303 4 53 56 50
341 12 7 5 4 160 5 37 38 10
342 11 16 12 13 207 4 21 22 50
343 1 12 10 9 165 3 11 14 30
344 11 16 12 13 303 4 16 17 50
345 1 12 10 3 72 6 18 21 110
346 1 12 10 9 156 3 11 14 30
347 1 16 12 9 310 4 60 63 60
348 12 12 10 10 179 6 35 36 40
349 12 12 10 10 179 6 21 22 40
350 12 12 10 9 652 3 30 31 100
351 3 12 10 11 375 6 46 49 80
352 9 12 10 9 169 3 32 35 30
353 12 12 10 10 179 6 25 28 40
354 4 14 12 11 278 7 35 36 150
355 11 16 12 13 303 4 17 18 50
356 12 7 5 4 96 5 58 59 30
357 12 7 5 4 81 5 4 7 20
358 12 12 10 7 176 3 7 8 30
359 12 7 5 4 100 5 42 43 10
360 12 12 10 7 229 3 56 57 40
361 12 7 5 4 101 5 49 50 30
362 12 12 10 7 227 3 7 8 50
363 12 12 10 9 337 3 35 36 50
364 1 12 10 9 183 3 32 35 50
365 12 7 5 4 100 5 16 17 10
366 3 12 10 9 324 3 25 28 70
367 12 12 10 7 227 3 51 52 50
368 11 16 12 13 303 4 21 22 50
369 12 7 5 4 170 5 35 36 30
370 5 12 10 9 336 3 17 18 190
371 12 12 10 7 305 3 51 52 60
372 12 16 12 9 611 4 49 50 110
373 12 16 12 9 547 4 7 8 10
374 1 16 12 9 277 4 46 49 80
375 11 16 12 13 207 4 14 15 50
376 1 16 12 9 277 4 39 42 80
377 12 19 12 7 845 1 23 24 130
378 12 7 5 4 269 5 7 8 60
379 11 16 12 13 207 4 9 10 50
380 1 12 10 9 259 3 32 35 50
381 11 16 12 13 207 4 43 44 50
382 3 12 10 11 366 6 11 14 100
383 3 12 10 11 373 6 32 35 70
384 7 12 10 9 527 3 37 38 60
385 8 14 12 14 179 2 56 57 100
386 12 16 12 9 1471 4 23 24 260
387 12 12 10 7 227 3 30 31 50
388 8 14 12 14 179 2 16 17 100
389 12 12 10 9 652 3 56 57 100
390 12 12 10 9 708 3 7 8 130
391 12 7 5 4 81 5 49 50 20
392 12 16 12 9 438 4 4 7 10
393 12 12 10 7 351 3 21 22 60
394 1 12 10 9 308 3 4 7 40
395 12 7 5 4 104 5 42 43 30
396 12 12 10 7 305 3 44 45 60
397 1 16 12 9 277 4 25 28 80
398 3 12 10 11 375 6 60 63 80
399 4 14 12 11 278 7 42 43 150
400 12 7 5 4 81 5 39 42 20
401 12 7 5 4 269 5 51 52 60
402 12 12 10 9 337 3 42 43 50
403 12 16 12 9 547 4 44 45 10
404 12 7 5 4 82 5 30 31 20
405 12 12 10 7 229 3 16 17 40
406 12 12 10 7 235 3 58 59 30
407 1 12 10 9 156 3 18 21 30
408 12 16 12 9 547 4 39 42 10
409 12 12 10 7 305 3 7 8 60
410 12 7 5 4 270 5 14 15 60
411 11 16 12 13 207 4 38 39 50
412 12 16 12 9 514 4 30 31 100
413 12 19 12 7 713 1 30 31 130
414 12 12 10 7 229 3 16 17 40
415 11 16 12 13 207 4 14 15 50
416 12 12 10 7 405 3 11 14 80
417 7 12 10 9 577 3 44 45 70
418 11 16 12 13 303 4 36 37 50
419 12 12 10 7 351 3 53 56 60
420 11 16 12 13 207 4 21 22 50
421 1 12 10 9 259 3 25 28 50
422 12 7 5 4 101 5 44 45 30
423 12 12 10 7 305 3 25 28 60
424 12 12 10 7 227 3 58 59 50
425 3 12 10 11 373 6 39 42 70
426 12 7 5 4 101 5 9 10 30
427 8 14 12 14 179 2 3 4 100
428 12 12 10 7 405 3 16 17 80
429 12 12 10 9 337 3 23 24 50
430 1 12 10 5 127 6 53 56 220
431 11 16 12 13 312 4 37 38 50
432 12 12 10 7 229 3 39 42 40
433 11 16 12 13 207 4 24 25 50
434 12 7 5 4 82 5 37 38 20
435 12 12 10 7 227 3 32 35 50
436 12 12 10 9 384 3 21 22 60
437 11 16 12 13 303 4 46 49 50
438 11 16 12 13 207 4 17 18 50
439 12 16 12 9 611 4 42 43 110
440 12 12 10 7 227 3 23 24 50
441 8 14 12 14 179 2 32 35 100
442 1 12 10 9 246 3 32 35 40
443 12 7 5 4 96 5 49 50 30
444 11 16 12 13 303 4 42 43 50
445 12 7 5 4 104 5 4 7 30
446 3 16 12 9 454 4 32 35 80
447 12 12 10 5 729 3 11 14 20
448 12 12 10 5 690 3 44 45 20
449 3 12 10 9 343 3 39 42 80
450 12 7 5 4 160 5 46 49 10
451 12 12 10 7 267 3 25 28 60
452 11 16 12 13 303 4 4 7 50
453 12 12 10 9 384 3 53 56 60
454 12 12 10 5 690 3 58 59 20
455 12 12 10 7 229 3 7 8 40
456 12 16 12 9 1471 4 14 15 260
457 12 12 10 9 652 3 44 45 100
458 12 12 10 7 351 3 44 45 60
459 12 12 10 10 164 6 32 35 50
460 1 12 10 5 127 6 25 28 220
461 11 16 12 13 205 4 56 57 40
462 4 14 12 11 317 7 44 45 160
463 4 14 12 11 278 7 59 60 150
464 8 14 12 14 179 2 42 43 100
465 8 14 12 14 179 2 45 46 100
466 11 16 12 13 205 4 29 30 40
467 1 16 12 9 277 4 32 35 80
468 3 12 10 11 375 6 39 42 80
469 12 16 12 9 438 4 37 38 10
470 11 16 12 13 207 4 32 35 50
471 12 12 10 9 337 3 58 59 50
472 4 14 12 11 278 7 23 24 150
473 12 12 10 10 179 6 14 15 40
474 12 12 10 7 351 3 42 43 60
475 8 14 12 14 179 2 21 22 100
476 11 16 12 13 303 4 29 29 80
477 12 7 5 4 160 5 35 36 10
478 8 14 12 14 179 2 45 46 100
479 12 12 10 7 176 3 32 35 30
480 1 16 12 9 277 4 39 42 80
481 8 14 12 14 179 2 43 44 100
482 12 12 10 7 235 3 58 59 30
483 12 7 5 4 170 5 49 50 30
484 11 16 12 13 207 4 17 18 50
485 11 16 12 13 303 4 51 52 50
486 12 16 12 9 547 4 16 17 10
487 12 7 5 4 270 5 35 36 60
488 4 14 12 11 317 7 58 59 160
489 12 7 5 4 104 5 46 49 30
490 11 16 12 13 303 4 4 4 80
491 12 12 10 7 500 3 35 36 70
492 3 12 10 11 373 6 46 49 70
493 7 12 10 9 527 3 46 49 60
494 12 19 12 7 713 1 51 52 130
495 1 12 10 3 72 6 4 7 110
496 12 7 5 4 270 5 56 57 60
497 11 16 12 13 303 4 23 24 50
498 12 12 10 7 229 3 35 36 40
499 12 12 10 5 690 3 28 29 20
500 3 12 10 11 373 6 18 21 70
501 12 12 10 9 652 3 44 45 100
502 1 12 10 9 248 3 60 63 40
503 12 12 10 7 405 3 56 57 80
504 12 7 5 4 100 5 32 35 10
505 11 16 12 13 303 4 9 10 50
506 12 7 5 4 160 5 9 10 10
507 8 14 12 14 179 2 53 56 100
508 12 12 10 9 708 3 30 31 130
509 12 12 10 7 351 3 28 29 60
510 11 16 12 13 207 4 45 46 50
511 4 14 12 11 317 7 37 38 160
512 12 19 12 7 845 1 49 50 130
513 12 7 5 4 81 5 37 38 20
514 1 12 10 9 308 3 25 28 40
515 12 7 5 4 160 5 7 8 10
516 11 16 12 13 303 4 7 8 50
517 12 12 10 9 337 3 56 57 50
518 12 12 10 7 227 3 42 43 50
519 12 12 10 7 351 3 16 17 60
520 12 7 5 4 160 5 51 52 10
521 12 12 10 7 405 3 35 36 80
522 12 7 5 4 269 5 37 38 60
523 11 16 12 13 207 4 14 15 50
524 11 16 12 13 303 4 37 38 50
525 12 7 5 4 160 5 56 57 10
526 12 7 5 4 81 5 16 17 20
527 12 12 10 7 351 3 56 57 60
528 3 12 10 11 375 6 18 21 80
529 11 16 12 13 303 4 2 2 130
530 11 16 12 13 207 4 56 57 50
531 9 12 10 9 169 3 11 14 30
532 12 7 5 4 160 5 42 43 10
533 12 12 10 10 179 6 30 31 40
534 7 12 10 9 527 3 51 52 60
535 7 12 10 9 527 3 39 42 60
536 12 12 10 7 229 3 53 56 40
537 12 12 10 5 729 3 37 38 20
538 12 7 5 4 81 5 30 31 20
539 11 16 12 13 303 4 7 8 50
540 12 7 5 4 96 5 7 8 30
541 1 12 10 9 259 3 4 7 50
542 11 16 12 13 205 4 30 31 40
543 8 14 12 14 179 2 16 17 100
544 11 16 12 13 303 4 51 52 50
545 12 12 10 7 405 3 46 49 80
546 12 12 10 7 227 3 37 38 50
547 12 7 5 4 160 5 39 42 10
548 11 16 12 13 303 4 2 2 80
549 12 12 10 7 176 3 53 56 30
550 3 12 10 6 330 6 11 14 70
551 12 7 5 4 160 5 25 28 10
552 1 16 12 9 277 4 18 21 80
553 12 16 12 9 438 4 11 14 10
554 12 7 5 4 170 5 60 63 30
555 1 12 10 5 127 6 11 14 220
556 12 7 5 4 170 5 56 57 30
557 7 12 10 9 577 3 16 17 70
558 12 12 10 9 337 3 28 29 50
559 12 7 5 4 101 5 16 17 30
560 3 12 10 6 330 6 25 28 70
561 12 16 12 9 611 4 25 28 110
562 12 12 10 7 267 3 46 49 60
563 4 14 12 11 278 7 37 38 150
564 4 14 12 11 317 7 22 23 160
565 3 16 12 9 454 4 25 28 80
566 1 16 12 9 310 4 32 35 60
567 11 16 12 13 303 4 58 59 50
568 11 16 12 13 207 4 3 4 50
569 3 12 10 11 366 6 39 42 100
570 12 7 5 4 96 5 23 24 30
571 11 16 12 13 303 4 21 22 50
572 12 7 5 4 270 5 49 50 60
573 1 12 10 3 70 6 4 7 100
574 12 16 12 9 1471 4 35 36 260
575 11 16 12 13 207 4 49 50 50
576 11 16 12 13 207 4 22 23 50
577 12 19 12 7 713 1 39 42 130
578 1 12 10 9 183 3 32 35 50
579 12 12 10 7 267 3 51 52 60
580 12 12 10 7 305 3 14 15 60
581 12 7 5 4 160 5 49 50 10
582 1 12 10 9 248 3 18 21 40
583 12 12 10 7 227 3 58 59 50
584 12 12 10 7 351 3 49 50 60
585 12 12 10 10 164 6 16 17 50
586 12 12 10 7 229 3 11 14 40
587 12 12 10 10 179 6 28 29 40
588 12 7 5 4 96 5 44 45 30
589 5 12 10 9 293 3 17 18 520
590 12 12 10 7 267 3 42 43 60
591 12 7 5 4 269 5 11 14 60
592 1 12 10 9 246 3 18 21 40
593 12 16 12 9 1471 4 56 57 260
594 12 12 10 7 500 3 23 24 70
595 11 16 12 13 303 4 29 29 80
596 12 19 12 7 845 1 56 57 130
597 4 14 12 11 317 7 59 60 160
598 2 16 12 9 180 4 52 53 10
599 12 12 10 7 227 3 44 45 50
600 12 19 12 7 845 1 16 17 130
601 12 12 10 7 405 3 44 45 80
602 12 7 5 4 170 5 28 29 30
603 12 12 10 7 229 3 21 22 40
604 1 16 12 9 277 4 53 56 80
605 12 12 10 10 179 6 56 57 40
606 3 16 12 9 454 4 18 21 80
607 12 7 5 4 260 5 18 21 60
608 11 16 12 13 205 4 24 25 40
609 12 7 5 4 96 5 28 29 30
610 1 12 10 3 72 6 60 63 110
611 4 14 12 11 278 7 45 46 150
612 1 12 10 9 165 3 32 35 30
613 12 19 12 7 713 1 35 36 130
614 11 16 12 13 303 4 29 30 50
615 1 12 10 3 70 6 32 35 100
616 12 12 10 10 179 6 60 63 40
617 12 7 5 4 81 5 25 28 20
618 1 16 12 9 277 4 32 35 80
619 12 12 10 7 176 3 21 22 30
620 7 12 10 9 577 3 60 63 70
621 12 12 10 7 405 3 7 8 80
622 11 16 12 13 207 4 16 17 50
623 1 16 12 9 277 4 46 49 80
624 12 12 10 7 229 3 23 24 40
625 8 14 12 14 179 2 59 60 100
626 11 16 12 13 303 4 39 42 50
627 12 16 12 9 438 4 23 24 10
628 11 16 12 13 303 4 10 11 50
629 12 12 10 7 267 3 9 10 60
630 11 16 12 13 207 4 42 43 50
631 5 12 10 9 293 3 45 46 520
632 12 12 10 10 164 6 44 45 50
633 4 14 12 11 317 7 42 43 160
634 11 16 12 13 303 4 23 24 50
635 1 12 10 9 225 3 53 56 40
636 12 16 12 9 438 4 21 22 10
637 8 14 12 14 179 2 44 45 100
638 11 16 12 13 303 4 1 2 50
639 11 16 12 13 303 4 11 14 50
640 1 12 10 9 165 3 25 28 30
641 12 16 12 9 438 4 39 42 10
642 4 14 12 11 278 7 43 44 150
643 11 16 12 13 303 4 36 37 50
644 12 7 5 4 269 5 9 10 60
645 12 16 12 9 1471 4 37 38 260
646 12 16 12 9 547 4 21 22 10
647 12 19 12 7 845 1 21 22 130
648 12 12 10 5 690 3 14 15 20
649 4 14 12 11 317 7 60 63 160
650 3 12 10 11 366 6 46 49 100
651 12 12 10 7 235 3 60 63 30
652 11 16 12 13 207 4 4 7 50
653 5 12 10 9 293 3 31 32 520
654 12 12 10 10 164 6 30 31 50
655 12 19 12 7 713 1 7 8 130
656 4 14 12 11 317 7 28 29 160
657 12 7 5 4 81 5 51 52 20
658 3 12 10 11 366 6 53 56 100
659 11 16 12 13 310 4 58 59 40
660 7 12 10 9 577 3 32 35 70
661 12 16 12 9 438 4 7 8 10
662 12 16 12 9 547 4 35 36 10
663 1 12 10 3 77 6 39 42 160
664 12 12 10 5 729 3 58 59 20
665 12 19 12 7 845 1 35 36 130
666 1 12 10 9 206 3 53 56 50
667 12 7 5 4 269 5 58 59 60
668 11 16 12 13 207 4 44 45 50
669 12 16 12 9 438 4 53 56 10
670 12 12 10 5 729 3 9 10 20
671 12 7 5 4 82 5 18 21 20
672 4 14 12 11 278 7 29 30 150
673 3 16 12 9 454 4 60 63 80
674 12 12 10 7 176 3 49 50 30
675 12 12 10 7 405 3 49 50 80
676 12 16 12 9 514 4 42 43 100
677 11 16 12 13 303 4 42 43 50
678 5 12 10 9 304 3 45 46 540
679 11 16 12 13 205 4 29 30 40
680 12 16 12 9 547 4 53 56 10
681 12 12 10 9 384 3 30 31 60
682 4 14 12 11 278 7 46 49 150
683 7 12 10 9 577 3 18 21 70
684 1 12 10 9 183 3 60 63 50
685 12 19 12 7 845 1 53 56 130
686 12 7 5 4 96 5 39 42 30
687 12 19 12 7 713 1 21 22 130
688 12 7 5 4 100 5 60 63 10
689 12 7 5 4 260 5 30 31 60
690 12 7 5 4 104 5 23 24 30
691 11 16 12 13 205 4 24 25 40
692 1 12 10 9 308 3 32 35 40
693 12 7 5 4 96 5 42 43 30
694 4 14 12 11 317 7 31 32 160
695 11 16 12 13 303 4 4 7 50
696 12 7 5 4 270 5 30 31 60
697 12 16 12 9 1471 4 51 52 260
698 12 16 12 9 547 4 56 57 10
699 12 12 10 7 405 3 56 57 80
700 3 12 10 11 375 6 4 7 80
701 11 16 12 13 207 4 37 38 50
702 1 12 10 3 70 6 60 63 100
703 2 16 12 9 180 4 3 4 10
704 8 14 12 14 179 2 49 50 100
705 3 12 10 9 324 3 53 56 70
706 12 7 5 4 96 5 9 10 30
707 11 16 12 13 303 4 29 30 50
708 12 12 10 9 337 3 37 38 50
709 12 19 12 7 713 1 53 56 130
710 3 12 10 9 324 3 46 49 70
711 11 16 12 13 303 4 45 46 50
712 1 12 10 9 183 3 53 56 50
713 12 7 5 4 81 5 58 59 20
714 5 12 10 3 29 6 24 25 740
715 11 16 12 13 207 4 14 15 50
716 12 12 10 9 337 3 42 43 50
717 12 7 5 4 160 5 11 14 10
718 12 7 5 4 100 5 28 29 10
719 12 7 5 4 170 5 18 21 30
720 12 7 5 4 82 5 21 22 20
721 3 12 10 11 375 6 11 14 80
722 11 16 12 13 207 4 50 51 50
723 12 12 10 7 227 3 25 28 50
724 12 16 12 9 547 4 49 50 10
725 8 14 12 14 179 2 22 23 100
726 11 16 12 13 207 4 15 16 50
727 12 7 5 4 82 5 46 49 20
728 12 12 10 10 179 6 18 21 40
729 11 16 12 13 303 4 39 42 50
730 12 12 10 7 227 3 60 63 50
731 12 12 10 7 176 3 56 57 30
732 12 19 12 7 713 1 46 49 130
733 12 12 10 7 305 3 4 7 60
734 12 12 10 10 179 6 44 45 40
735 12 12 10 9 652 3 60 63 100
736 12 16 12 9 514 4 9 10 100
737 12 12 10 9 384 3 51 52 60
738 1 12 10 9 248 3 25 28 40
739 5 12 10 9 293 3 59 60 520
740 12 12 10 7 176 3 30 31 30
741 4 14 12 11 278 7 39 42 150
742 4 14 12 11 317 7 17 18 160
743 12 12 10 7 227 3 4 7 50
744 12 12 10 9 708 3 56 57 130
745 12 16 12 9 611 4 44 45 110
746 4 14 12 11 278 7 51 52 150
747 12 7 5 4 81 5 60 63 20
748 12 7 5 4 160 5 21 22 10
749 12 12 10 5 729 3 42 43 20
750 12 12 10 7 351 3 37 38 60
751 12 7 5 4 104 5 7 8 30
752 8 14 12 14 179 2 28 29 100
753 12 12 10 7 227 3 28 29 50
754 8 14 12 14 179 2 31 32 100
755 4 14 12 11 317 7 14 15 160
756 12 7 5 4 160 5 37 38 10
757 12 12 10 7 267 3 37 38 60
758 1 12 10 9 156 3 18 21 30
759 12 7 5 4 100 5 44 45 10
760 11 16 12 13 207 4 58 59 50
761 12 7 5 4 269 5 42 43 60
762 9 12 10 9 169 3 4 7 30
763 12 12 10 7 405 3 21 22 80
764 8 14 12 14 179 2 57 58 100
765 8 14 12 14 179 2 17 18 100
766 11 16 12 13 207 4 9 10 50
767 12 7 5 4 104 5 51 52 30
768 4 14 12 11 317 7 50 51 160
769 12 12 10 7 227 3 42 43 50
770 12 12 10 7 405 3 30 31 80
771 11 16 12 13 205 4 57 58 40
772 1 12 10 3 72 6 32 35 110
773 12 12 10 7 229 3 7 8 40
774 1 12 10 9 156 3 25 28 30
775 12 7 5 4 170 5 44 45 30
776 3 12 10 11 366 6 32 35 100
777 1 16 12 9 277 4 11 14 80
778 12 12 10 7 351 3 18 21 60
779 5 12 10 9 336 3 52 53 190
780 4 14 12 11 278 7 36 37 150
781 12 7 5 4 160 5 53 56 10
782 12 7 5 4 260 5 49 50 60
783 12 12 10 7 351 3 23 24 60
784 12 12 10 7 351 3 11 14 60
785 11 16 12 13 303 4 23 24 50
786 12 12 10 7 500 3 7 8 70
787 1 12 10 9 246 3 60 63 40
788 12 12 10 5 690 3 25 28 20
789 12 12 10 7 229 3 51 52 40
790 1 12 10 9 165 3 11 14 30
791 12 12 10 9 652 3 60 63 100
792 12 12 10 7 305 3 42 43 60
793 12 12 10 7 229 3 51 52 40
794 1 16 12 9 277 4 60 63 80
795 12 7 5 4 82 5 14 15 20
796 12 12 10 7 500 3 46 49 70
797 1 12 10 9 156 3 32 35 30
798 8 14 12 14 179 2 60 63 100
799 11 16 12 13 207 4 59 60 50
800 12 7 5 4 170 5 32 35 30
801 11 16 12 13 303 4 7 8 50
802 11 16 12 13 312 4 58 59 50
803 11 16 12 13 207 4 8 9 50
804 4 14 12 11 278 7 7 8 150
805 3 12 10 6 330 6 4 7 70
806 11 16 12 13 303 4 51 52 50
807 12 12 10 5 729 3 4 7 20
808 12 12 10 7 176 3 16 17 30
809 4 14 12 11 317 7 25 28 160
810 1 12 10 5 136 6 32 35 320
811 11 16 12 13 312 4 42 43 50
812 12 12 10 7 305 3 58 59 60
813 11 16 12 13 207 4 44 45 50
814 12 7 5 4 82 5 56 57 20
815 12 16 12 9 438 4 46 49 10
816 12 12 10 7 229 3 46 49 40
817 12 12 10 7 229 3 46 49 40
818 11 16 12 13 207 4 18 21 50
819 11 16 12 13 303 4 37 38 50
820 12 12 10 7 305 3 9 10 60
821 12 12 10 7 500 3 51 52 70
822 1 12 10 3 27 6 60 63 200
823 12 7 5 4 104 5 39 42 30
824 12 12 10 9 337 3 44 45 50
825 12 12 10 7 227 3 9 10 50
826 12 12 10 7 267 3 11 14 60
827 1 12 10 9 165 3 39 42 30
828 12 16 12 9 611 4 28 29 110
829 3 12 10 9 324 3 32 35 70
830 1 16 12 9 277 4 39 42 80
831 11 16 12 13 207 4 15 16 50
832 12 7 5 4 101 5 9 10 30
833 12 12 10 10 164 6 18 21 50
834 11 16 12 13 207 4 49 50 50
835 1 12 10 9 183 3 25 28 50
836 9 12 10 9 169 3 25 28 30
837 3 12 10 11 366 6 39 42 100
838 12 12 10 7 500 3 21 22 70
839 12 19 12 7 845 1 9 10 130
840 1 12 10 5 127 6 39 42 220
841 11 16 12 13 207 4 10 11 50
842 11 16 12 13 303 4 1 2 50
843 1 12 10 9 165 3 46 49 30
844 12 12 10 7 227 3 30 31 50
845 12 12 10 7 229 3 49 50 40
846 5 12 10 9 336 3 45 46 190
847 12 7 5 4 104 5 11 14 30
848 7 12 10 9 577 3 30 31 70
849 5 12 10 3 29 6 59 60 740
850 4 14 12 11 317 7 30 31 160
851 12 7 5 4 81 5 28 29 20
852 1 12 10 9 165 3 18 21 30
853 12 16 12 9 1471 4 60 63 260
854 4 14 12 11 317 7 36 37 160
855 12 16 12 9 438 4 51 52 10
856 11 16 12 13 303 4 7 8 50
857 8 14 12 14 179 2 14 15 100
858 3 12 10 11 373 6 53 56 70
859 8 14 12 14 179 2 10 11 100
860 4 14 12 11 278 7 31 32 150
861 12 12 10 7 227 3 14 15 50
862 7 12 10 9 527 3 11 14 60
863 12 16 12 9 547 4 30 31 10
864 11 16 12 13 303 4 43 44 50
865 11 16 12 13 303 4 23 24 50
866 8 14 12 14 179 2 39 42 100
867 12 16 12 9 611 4 56 57 110
868 12 12 10 10 164 6 35 36 50
869 12 12 10 7 305 3 16 17 60
870 3 12 10 6 330 6 60 63 70
871 12 16 12 9 611 4 60 63 110
872 12 12 10 7 305 3 23 24 60
873 11 16 12 13 303 4 32 35 50
874 12 19 12 7 845 1 51 52 130
875 12 7 5 4 82 5 9 10 20
876 11 16 12 13 207 4 56 57 50
877 3 12 10 9 343 3 60 63 80
878 12 16 12 9 438 4 9 10 10
879 11 16 12 13 207 4 60 63 50
880 12 7 5 4 96 5 32 35 30
881 8 14 12 14 179 2 29 30 100
882 1 12 10 3 72 6 18 21 110
883 12 12 10 7 229 3 32 35 40
884 8 14 12 14 179 2 7 8 100
885 8 14 12 14 179 2 10 11 100
886 12 7 5 4 160 5 49 50 10
887 11 16 12 13 303 4 37 38 50
888 12 7 5 4 170 5 9 10 30
889 12 7 5 4 269 5 56 57 60
890 5 12 10 9 304 3 59 60 540
891 11 16 12 13 205 4 30 31 40
892 12 7 5 4 81 5 11 14 20
893 12 7 5 4 104 5 16 17 30
894 1 12 10 3 72 6 32 35 110
895 12 7 5 4 160 5 44 45 10
896 12 12 10 7 176 3 35 36 30
897 12 12 10 10 179 6 37 38 40
898 7 12 10 9 527 3 53 56 60
899 12 12 10 7 229 3 42 43 40
900 12 7 5 4 101 5 16 17 30
901 1 12 10 9 156 3 39 42 30
902 12 12 10 7 229 3 39 42 40
903 12 7 5 4 101 5 51 52 30
904 3 12 10 9 343 3 11 14 80
905 11 16 12 13 207 4 9 10 50
906 12 7 5 4 81 5 44 45 20
907 11 16 12 13 303 4 38 39 50
908 12 7 5 4 170 5 25 28 30
909 1 12 10 9 165 3 60 63 30
910 1 12 10 5 136 6 18 21 320
911 11 16 12 13 205 4 4 7 40
912 7 12 10 9 527 3 16 17 60
913 1 12 10 5 122 6 46 49 200
914 3 12 10 11 375 6 53 56 80
915 12 19 12 7 713 1 16 17 130
916 5 12 10 9 336 3 38 39 190
917 11 16 12 13 303 4 25 28 50
918 12 7 5 4 101 5 23 24 30
919 12 16 12 9 611 4 35 36 110
920 12 12 10 5 690 3 30 31 20
921 8 14 12 14 179 2 7 8 100
922 11 16 12 13 207 4 35 36 50
923 12 12 10 5 729 3 35 36 20
924 3 12 10 9 343 3 53 56 80
925 5 12 10 9 336 3 3 4 190
926 12 16 12 9 514 4 51 52 100
927 1 12 10 9 246 3 39 42 40
928 12 7 5 4 269 5 28 29 60
929 12 7 5 4 96 5 18 21 30
930 8 14 12 14 179 2 14 15 100
931 12 12 10 7 351 3 30 31 60
932 8 14 12 14 179 2 39 42 100
933 12 12 10 7 351 3 49 50 60
934 12 16 12 9 611 4 23 24 110
935 12 7 5 4 270 5 16 17 60
936 1 12 10 9 246 3 11 14 40
937 12 12 10 7 227 3 7 8 50
938 12 19 12 7 713 1 23 24 130
939 12 7 5 4 104 5 21 22 30
940 11 16 12 13 207 4 42 43 50
941 11 16 12 13 205 4 22 23 40
942 7 12 10 9 577 3 4 7 70
943 12 7 5 4 160 5 16 17 10
944 4 14 12 11 278 7 21 22 150
945 1 12 10 9 225 3 4 7 40
946 8 14 12 14 179 2 52 53 100
947 12 12 10 7 227 3 51 52 50
948 1 16 12 9 310 4 39 42 60
949 4 14 12 11 278 7 25 28 150
950 12 12 10 5 690 3 42 43 20
951 12 12 10 9 337 3 21 22 50
952 4 14 12 11 317 7 46 49 160
953 1 16 12 9 277 4 25 28 80
954 12 7 5 4 82 5 51 52 20
955 11 16 12 13 303 4 28 29 50
956 1 12 10 3 77 6 4 7 160
957 12 12 10 7 405 3 35 36 80
958 12 12 10 9 708 3 21 22 130
959 1 12 10 9 165 3 4 7 30
960 12 12 10 10 164 6 28 29 50
961 3 12 10 11 366 6 4 7 100
962 3 16 12 9 454 4 11 14 80
963 12 7 5 4 100 5 25 28 10
964 12 12 10 9 337 3 53 56 50
965 12 7 5 4 160 5 39 42 10
966 1 12 10 3 77 6 39 42 160
967 12 19 12 7 713 1 58 59 130
968 12 7 5 4 96 5 25 28 30
969 12 7 5 4 96 5 56 57 30
970 7 12 10 9 527 3 58 59 60
971 12 16 12 9 438 4 14 15 10
972 3 12 10 11 373 6 11 14 70
973 11 16 12 13 303 4 51 52 50
974 11 16 12 13 303 4 16 17 50
975 1 16 12 9 277 4 39 42 80
976 11 16 12 13 207 4 52 53 50
977 12 7 5 4 104 5 53 56 30
978 12 12 10 7 351 3 42 43 60
979 11 16 12 13 207 4 31 32 50
980 12 12 10 10 164 6 4 7 50
981 12 12 10 7 351 3 4 7 60
982 12 7 5 4 160 5 58 59 10
983 12 12 10 7 351 3 51 52 60
984 3 12 10 9 324 3 39 42 70
985 12 12 10 10 164 6 56 57 50
986 11 16 12 13 303 4 17 18 50
987 1 12 10 3 77 6 46 49 160
988 12 12 10 10 164 6 60 63 50
989 12 16 12 9 514 4 56 57 100
990 12 12 10 5 690 3 4 7 20
991 8 14 12 14 179 2 15 16 100
992 12 12 10 7 351 3 7 8 60
993 12 12 10 7 267 3 16 17 60
994 12 7 5 4 100 5 14 15 10
995 4 14 12 11 317 7 4 7 160
996 11 16 12 13 303 4 9 10 50
997 12 7 5 4 270 5 58 59 60
998 11 16 12 13 207 4 37 38 50
999 12 12 10 10 164 6 46 49 50
1000 1 12 10 5 122 6 18 21 200
1001 12 12 10 7 229 3 14 15 40
1002 11 16 12 13 205 4 57 58 40
1003 1 12 10 9 225 3 46 49 40
1004 12 12 10 7 405 3 42 43 80
1005 1 12 10 9 248 3 25 28 40
1006 4 14 12 11 278 7 53 56 150
1007 11 16 12 13 303 4 49 50 50
1008 11 16 12 13 312 4 31 32 50
1009 1 12 10 9 259 3 60 63 50
1010 11 16 12 13 207 4 4 7 50
1011 11 16 12 13 303 4 29 29 80
1012 11 16 12 13 207 4 36 37 50
1013 3 16 12 9 454 4 53 56 80
1014 12 7 5 4 269 5 18 21 60
1015 12 12 10 7 227 3 39 42 50
1016 8 14 12 14 179 2 25 28 100
1017 11 16 12 13 310 4 59 60 40
1018 1 12 10 9 183 3 60 63 50
1019 12 12 10 7 176 3 18 21 30
1020 1 12 10 9 246 3 53 56 40
1021 4 14 12 11 278 7 11 14 150
1022 3 12 10 9 324 3 32 35 70
1023 12 12 10 7 500 3 53 56 70
1024 1 12 10 9 246 3 25 28 40
1025 12 12 10 7 267 3 58 59 60
1026 11 16 12 13 303 4 14 15 50
1027 12 16 12 9 611 4 18 21 110
1028 12 12 10 9 384 3 44 45 60
1029 2 16 12 9 180 4 17 18 10
1030 11 16 12 13 207 4 37 38 50
1031 12 12 10 5 729 3 18 21 20
1032 3 12 10 6 330 6 18 21 70
1033 3 12 10 9 343 3 46 49 80
1034 12 16 12 9 438 4 25 28 10
1035 11 16 12 13 207 4 46 49 50
1036 1 12 10 9 225 3 18 21 40
1037 12 12 10 9 337 3 46 49 50
1038 8 14 12 14 179 2 9 10 100
1039 12 12 10 7 405 3 37 38 80
1040 12 7 5 4 82 5 4 7 20
1041 11 16 12 13 207 4 7 8 50
1042 11 16 12 13 303 4 35 36 50
1043 12 12 10 10 179 6 49 50 40
1044 12 12 10 7 229 3 30 31 40
1045 12 7 5 4 100 5 49 50 10
1046 11 16 12 13 303 4 59 60 50
1047 3 12 10 11 366 6 25 28 100
1048 12 12 10 7 267 3 53 56 60
1049 12 12 10 7 500 3 25 28 70
1050 12 12 10 10 164 6 58 59 50
1051 12 12 10 5 729 3 23 24 20
1052 11 16 12 13 205 4 30 31 40
1053 1 16 12 9 277 4 4 7 80
1054 12 12 10 7 227 3 18 21 50
1055 11 16 12 13 303 4 2 3 50
1056 12 12 10 7 500 3 58 59 70
1057 12 7 5 4 269 5 23 24 60
1058 12 12 10 7 351 3 9 10 60
1059 1 12 10 9 246 3 60 63 40
1060 8 14 12 14 179 2 44 45 100
1061 12 12 10 7 351 3 46 49 60
1062 12 12 10 7 351 3 25 28 60
1063 12 12 10 7 500 3 9 10 70
1064 12 7 5 4 160 5 32 35 10
1065 12 12 10 7 405 3 60 63 80
1066 12 12 10 7 229 3 37 38 40
1067 12 16 12 9 547 4 18 21 10
1068 4 14 12 11 317 7 56 57 160
1069 11 16 12 13 303 4 49 50 50
1070 1 12 10 9 259 3 18 21 50
1071 12 12 10 9 337 3 14 15 50
1072 3 12 10 11 366 6 18 21 100
1073 12 12 10 7 267 3 35 36 60
1074 11 16 12 13 303 4 3 4 50
1075 1 12 10 9 248 3 32 35 40
1076 1 12 10 9 183 3 18 21 50
1077 12 19 12 7 713 1 56 57 130
1078 12 7 5 4 170 5 14 15 30
1079 1 12 10 9 225 3 32 35 40
1080 11 16 12 13 303 4 21 22 50
1081 11 16 12 13 303 4 2 3 50
1082 12 12 10 7 267 3 21 22 60
1083 12 16 12 9 547 4 32 35 10
1084 1 12 10 9 248 3 4 7 40
1085 3 12 10 11 366 6 32 35 100
1086 11 16 12 13 303 4 14 15 50
1087 12 12 10 7 305 3 18 21 60
1088 11 16 12 13 205 4 59 60 40
1089 12 12 10 7 227 3 9 10 50
1090 12 7 5 4 81 5 35 36 20
1091 12 7 5 4 160 5 23 24 10
1092 11 16 12 13 207 4 58 59 50
1093 12 7 5 4 101 5 56 57 30
1094 12 7 5 4 82 5 32 35 20
1095 12 16 12 9 611 4 30 31 110
1096 11 16 12 13 303 4 21 22 50
1097 12 12 10 7 227 3 49 50 50
1098 1 12 10 9 255 3 60 63 60
1099 12 12 10 7 227 3 60 63 50
1100 1 12 10 9 183 3 46 49 50
1101 1 12 10 5 136 6 18 21 320
1102 12 12 10 9 384 3 9 10 60
1103 1 12 10 9 248 3 53 56 40
1104 12 12 10 10 179 6 42 43 40
1105 12 12 10 7 267 3 28 29 60
1106 12 19 12 7 845 1 11 14 130
1107 12 19 12 7 845 1 7 8 130
1108 12 12 10 7 229 3 37 38 40
1109 12 16 12 9 1471 4 16 17 260
1110 12 12 10 7 305 3 28 29 60
1111 11 16 12 13 205 4 17 17 40
1112 12 12 10 7 176 3 28 29 30
1113 3 12 10 9 343 3 25 28 80
1114 12 7 5 4 170 5 53 56 30
1115 12 12 10 7 405 3 30 31 80
1116 11 16 12 13 207 4 35 36 50
1117 12 12 10 7 227 3 32 35 50
1118 12 16 12 9 547 4 60 63 10
1119 12 16 12 9 547 4 46 49 10
1120 1 12 10 9 183 3 11 14 50
1121 12 12 10 7 227 3 28 29 50
1122 11 16 12 13 303 4 21 22 50
1123 12 7 5 4 170 5 21 22 30
1124 3 16 12 9 454 4 25 28 80
1125 11 16 12 13 205 4 58 59 40
1126 12 16 12 9 514 4 18 21 100
1127 8 14 12 14 179 2 51 52 100
1128 12 19 12 7 713 1 18 21 130
1129 4 14 12 11 317 7 45 46 160
1130 12 7 5 4 96 5 51 52 30
1131 1 12 10 9 248 3 39 42 40
1132 11 16 12 13 303 4 42 43 50
1133 12 12 10 7 351 3 35 36 60
1134 12 12 10 7 305 3 60 63 60
1135 12 12 10 5 690 3 32 35 20
1136 12 7 5 4 160 5 7 8 10
1137 1 12 10 9 259 3 11 14 50
1138 3 12 10 11 375 6 53 56 80
1139 7 12 10 9 527 3 23 24 60
1140 11 16 12 13 312 4 15 16 50
1141 1 12 10 5 127 6 25 28 220
1142 12 7 5 4 170 5 16 17 30
1143 8 14 12 14 179 2 37 38 100
1144 12 7 5 4 160 5 14 15 10
1145 12 19 12 7 845 1 39 42 130
1146 11 16 12 13 207 4 51 52 50
1147 11 16 12 13 303 4 50 51 50
1148 12 12 10 5 729 3 28 29 20
1149 1 12 10 5 122 6 46 49 200
1150 11 16 12 13 303 4 14 15 50
1151 1 16 12 9 277 4 32 35 80
1152 11 16 12 13 303 4 31 32 50
1153 12 7 5 4 160 5 51 52 10
1154 1 12 10 3 70 6 60 63 100
1155 1 12 10 9 156 3 32 35 30
1156 12 12 10 7 229 3 9 10 40
1157 11 16 12 13 205 4 23 24 40
1158 12 12 10 9 652 3 9 10 100
1159 12 12 10 7 229 3 4 7 40
1160 12 12 10 7 229 3 49 50 40
1161 11 16 12 13 207 4 39 42 50
1162 12 7 5 4 270 5 28 29 60
1163 8 14 12 14 179 2 52 53 100
1164 12 7 5 4 100 5 9 10 10
1165 11 16 12 13 303 4 31 32 50
1166 12 7 5 4 104 5 58 59 30
1167 4 14 12 11 278 7 16 17 150
1168 12 7 5 4 104 5 9 10 30
1169 4 14 12 11 317 7 8 9 160
1170 12 12 10 9 652 3 56 57 100
1171 12 12 10 5 729 3 60 63 20
1172 12 19 12 7 713 1 11 14 130
1173 12 12 10 5 690 3 37 38 20
1174 8 14 12 14 179 2 15 16 100
1175 12 7 5 4 270 5 21 22 60
1176 1 12 10 9 183 3 11 14 50
1177 12 12 10 9 337 3 16 17 50
1178 12 7 5 4 104 5 35 36 30
1179 4 14 12 11 317 7 32 35 160
1180 11 16 12 13 207 4 35 36 50
1181 12 16 12 9 438 4 49 50 10
1182 4 14 12 11 278 7 24 25 150
1183 1 12 10 9 246 3 46 49 40
1184 8 14 12 14 179 2 49 50 100
1185 11 16 12 13 207 4 57 58 50
1186 1 12 10 9 248 3 18 21 40
1187 12 12 10 9 652 3 37 38 100
1188 12 16 12 9 514 4 37 38 100
1189 12 12 10 9 337 3 28 29 50
1190 12 12 10 7 305 3 46 49 60
1191 1 12 10 9 156 3 25 28 30
1192 4 14 12 11 317 7 52 53 160
1193 12 16 12 9 611 4 58 59 110
1194 1 12 10 5 136 6 32 35 320
1195 1 16 12 9 277 4 46 49 80
1196 11 16 12 13 303 4 53 56 50
1197 2 16 12 9 180 4 59 60 10
1198 12 7 5 4 170 5 58 59 30
1199 12 7 5 4 82 5 23 24 20
1200 11 16 12 13 303 4 24 25 50
1201 12 7 5 4 270 5 53 56 60
1202 11 16 12 13 207 4 32 35 50
1203 12 12 10 5 690 3 18 21 20
1204 11 16 12 13 207 4 49 50 50
1205 11 16 12 13 205 4 30 31 40
1206 8 14 12 14 179 2 59 60 100
1207 12 7 5 4 160 5 18 21 10
1208 8 14 12 14 179 2 29 30 100
1209 12 12 10 9 337 3 58 59 50
1210 1 12 10 5 127 6 39 42 220
1211 12 12 10 7 500 3 16 17 70
1212 12 12 10 7 351 3 14 15 60
1213 12 12 10 9 652 3 16 17 100
1214 12 12 10 9 337 3 9 10 50
1215 4 14 12 11 317 7 18 21 160
1216 11 16 12 13 207 4 2 3 50
1217 11 16 12 13 303 4 9 10 50
1218 11 16 12 13 303 4 57 58 50
1219 12 7 5 4 82 5 7 8 20
1220 4 14 12 11 317 7 23 24 160
1221 4 14 12 11 278 7 38 39 150
1222 3 16 12 9 454 4 4 7 80
1223 11 16 12 13 207 4 50 51 50
1224 12 7 5 4 96 5 60 63 30
1225 12 16 12 9 438 4 16 17 10
1226 12 12 10 7 176 3 46 49 30
1227 8 14 12 14 179 2 32 35 100
1228 12 12 10 7 227 3 37 38 50
1229 12 12 10 7 351 3 21 22 60
1230 4 14 12 11 278 7 9 10 150
1231 11 16 12 13 207 4 42 43 50
1232 8 14 12 14 179 2 24 25 100
1233 3 12 10 6 330 6 46 49 70
1234 11 16 12 13 303 4 49 50 50
1235 12 12 10 5 729 3 46 49 20
1236 12 7 5 4 82 5 25 28 20
1237 5 12 10 3 29 6 10 11 740
1238 12 16 12 9 514 4 32 35 100
1239 11 16 12 13 303 4 28 29 50
1240 2 16 12 9 180 4 24 25 10
1241 12 16 12 9 611 4 16 17 110
1242 9 12 10 9 169 3 39 42 30
1243 12 16 12 9 1471 4 58 59 260
1244 4 14 12 11 278 7 58 59 150
1245 12 12 10 9 652 3 30 31 100
1246 3 12 10 9 343 3 18 21 80
1247 11 16 12 13 205 4 3 4 40
1248 12 7 5 4 96 5 4 7 30
1249 12 12 10 9 652 3 49 50 100
1250 4 14 12 11 278 7 17 18 150
1251 11 16 12 13 207 4 38 39 50
1252 12 12 10 7 305 3 30 31 60
1253 3 12 10 11 375 6 4 7 80
1254 1 12 10 5 122 6 11 14 200
1255 12 12 10 10 164 6 53 56 50
1256 3 16 12 9 454 4 11 14 80
1257 11 16 12 13 207 4 7 8 50
1258 12 12 10 5 690 3 23 24 20
1259 12 12 10 7 217 3 58 59 40
1260 3 12 10 11 366 6 53 56 100
1261 1 12 10 3 70 6 11 14 100
1262 12 12 10 10 179 6 4 7 40
1263 5 12 10 9 294 3 17 18 170
1264 12 19 12 7 845 1 58 59 130
1265 12 12 10 7 227 3 44 45 50
1266 4 14 12 11 317 7 16 17 160
1267 12 12 10 9 652 3 23 24 100
1268 4 14 12 11 278 7 49 50 150
1269 11 16 12 13 207 4 53 56 50
1270 12 12 10 7 267 3 30 31 60
1271 12 12 10 7 351 3 23 24 60
1272 3 12 10 9 324 3 46 49 70
1273 12 16 12 9 547 4 58 59 10
1274 5 12 10 9 336 3 31 32 190
1275 12 16 12 9 438 4 58 59 10
1276 12 12 10 7 500 3 56 57 70
1277 11 16 12 13 303 4 15 16 50
1278 7 12 10 9 577 3 23 24 70
1279 1 12 10 9 165 3 53 56 30
1280 8 14 12 14 179 2 24 25 100
1281 12 12 10 10 164 6 21 22 50
1282 11 16 12 13 207 4 42 43 50
1283 12 7 5 4 100 5 37 38 10
1284 12 12 10 7 229 3 56 57 40
1285 12 7 5 4 101 5 23 24 30
1286 11 16 12 13 310 4 60 63 40
1287 11 16 12 13 303 4 14 15 50
1288 3 12 10 11 373 6 60 63 70
1289 12 7 5 4 101 5 30 31 30
1290 1 16 12 9 277 4 60 63 80
1291 1 12 10 9 246 3 53 56 40
1292 12 12 10 7 229 3 60 63 40
1293 12 7 5 4 82 5 42 43 20
1294 1 12 10 9 165 3 32 35 30
1295 1 12 10 9 246 3 25 28 40
1296 12 12 10 7 227 3 11 14 50
1297 11 16 12 13 303 4 49 50 50
1298 11 16 12 13 205 4 28 29 40
1299 8 14 12 14 179 2 53 56 100
1300 5 12 10 9 336 3 10 11 190
1301 1 12 10 9 183 3 25 28 50
1302 12 12 10 7 176 3 37 38 30
1303 8 14 12 14 179 2 11 14 100
1304 12 12 10 7 229 3 42 43 40
1305 12 12 10 10 179 6 46 49 40
1306 1 12 10 9 239 3 60 63 60
1307 12 12 10 9 337 3 49 50 50
1308 12 12 10 10 164 6 42 43 50
1309 1 12 10 9 246 3 11 14 40
1310 5 12 10 9 294 3 45 46 170
1311 12 7 5 4 260 5 39 42 60
1312 4 14 12 11 278 7 28 29 150
1313 8 14 12 14 179 2 11 14 100
1314 11 16 12 13 303 4 35 36 50
1315 12 12 10 9 652 3 49 50 100
1316 12 12 10 7 227 3 53 56 50
1317 1 12 10 3 77 6 53 56 160
1318 8 14 12 14 179 2 42 43 100
1319 11 16 12 13 205 4 28 29 40
1320 3 12 10 11 375 6 46 49 80
1321 7 12 10 9 527 3 4 7 60
1322 11 16 12 13 303 4 8 9 50
1323 12 16 12 9 547 4 23 24 10
1324 1 16 12 9 277 4 11 14 80
1325 3 12 10 9 324 3 25 28 70
1326 1 12 10 5 122 6 53 56 200
1327 12 12 10 10 179 6 51 52 40
1328 12 12 10 7 229 3 28 29 40
1329 11 16 12 13 205 4 58 59 40
1330 12 12 10 9 337 3 23 24 50
1331 12 7 5 4 81 5 42 43 20
1332 12 19 12 7 713 1 25 28 130
1333 11 16 12 13 303 4 52 53 50
1334 12 16 12 9 438 4 44 45 10
1335 5 12 10 3 29 6 17 18 740
1336 1 12 10 9 165 3 53 56 30
1337 4 14 12 11 317 7 43 44 160
1338 8 14 12 14 179 2 43 44 100
1339 12 7 5 4 48 5 58 59 10
1340 12 12 10 7 227 3 21 22 50
1341 8 14 12 14 179 2 3 4 100
1342 12 16 12 9 1471 4 44 45 260
1343 12 7 5 4 170 5 23 24 30
1344 3 12 10 11 366 6 11 14 100
1345 7 12 10 9 527 3 18 21 60
1346 11 16 12 13 207 4 2 3 50
1347 11 16 12 13 205 4 28 29 40
1348 12 19 12 7 845 1 44 45 130
1349 3 12 10 9 324 3 39 42 70
1350 1 16 12 9 277 4 60 63 80
1351 12 12 10 7 351 3 32 35 60
1352 12 7 5 4 101 5 58 59 30
1353 12 7 5 4 269 5 32 35 60
1354 12 12 10 7 500 3 28 29 70
1355 7 12 10 9 577 3 58 59 70
1356 4 14 12 11 317 7 38 39 160
1357 1 16 12 9 277 4 53 56 80
1358 12 12 10 9 337 3 44 45 50
1359 12 19 12 7 845 1 37 38 130
1360 11 16 12 13 207 4 44 45 50
1361 4 14 12 11 278 7 60 63 150
1362 4 14 12 11 278 7 56 57 150
1363 12 7 5 4 100 5 53 56 10
1364 12 7 5 4 104 5 30 31 30
1365 12 7 5 4 270 5 51 52 60
1366 12 12 10 5 690 3 16 17 20
1367 12 7 5 4 160 5 60 63 10
1368 12 12 10 7 351 3 7 8 60
1369 11 16 12 13 303 4 56 57 50
1370 8 14 12 14 179 2 37 38 100
1371 12 7 5 4 96 5 46 49 30
1372 11 16 12 13 207 4 7 8 50
1373 3 12 10 6 330 6 32 35 70
1374 12 7 5 4 104 5 25 28 30
1375 12 12 10 7 227 3 16 17 50
1376 12 12 10 5 690 3 7 8 20
1377 8 14 12 14 179 2 17 18 100
1378 1 12 10 9 248 3 39 42 40
1379 12 7 5 4 104 5 18 21 30
1380 11 16 12 13 207 4 23 24 50
1381 11 16 12 13 207 4 53 56 50
1382 11 16 12 13 303 4 60 63 50
1383 1 12 10 9 183 3 4 7 50
1384 11 16 12 13 303 4 16 17 50
1385 11 16 12 13 207 4 59 60 50
1386 12 7 5 4 104 5 56 57 30
1387 1 12 10 3 70 6 18 21 100
1388 7 12 10 9 577 3 37 38 70
1389 12 7 5 4 101 5 37 38 30
1390 1 12 10 3 72 6 60 63 110
1391 1 16 12 9 310 4 25 28 60
1392 12 7 5 4 100 5 21 22 10
1393 12 19 12 7 713 1 9 10 130
1394 3 12 10 11 375 6 25 28 80
1395 12 12 10 5 690 3 39 42 20
1396 3 12 10 11 375 6 18 21 80
1397 12 7 5 4 96 5 14 15 30
1398 12 12 10 7 351 3 39 42 60
1399 11 16 12 13 303 4 28 29 50
1400 12 16 12 9 547 4 28 29 10
1401 8 14 12 14 179 2 22 23 100
1402 1 12 10 3 77 6 25 28 160
1403 5 12 10 9 294 3 3 4 170
1404 4 14 12 11 317 7 49 50 160
1405 12 7 5 4 160 5 21 22 10
1406 3 12 10 9 324 3 4 7 70
1407 11 16 12 13 303 4 30 31 50
1408 3 12 10 11 375 6 39 42 80
1409 7 12 10 9 527 3 9 10 60
1410 12 19 12 7 845 1 28 29 130
1411 12 12 10 5 690 3 56 57 20
1412 3 16 12 9 454 4 53 56 80
1413 12 16 12 9 514 4 44 45 100
1414 4 14 12 11 278 7 18 21 150
1415 1 12 10 9 259 3 46 49 50
1416 12 12 10 5 690 3 49 50 20
1417 12 12 10 7 500 3 14 15 70
1418 1 12 10 9 225 3 60 63 40
1419 12 12 10 5 729 3 21 22 20
1420 12 7 5 4 104 5 28 29 30
1421 12 12 10 7 351 3 16 17 60
1422 12 12 10 7 351 3 58 59 60
1423 12 7 5 4 81 5 23 24 20
1424 12 12 10 9 337 3 37 38 50
1425 12 12 10 9 337 3 18 21 50
1426 5 12 10 3 29 6 52 53 740
1427 12 7 5 4 104 5 14 15 30
1428 11 16 12 13 303 4 52 53 50
1429 12 12 10 7 229 3 14 15 40
1430 1 12 10 5 136 6 53 56 320
1431 8 14 12 14 179 2 57 58 100
1432 11 16 12 13 303 4 44 45 50
1433 11 16 12 13 303 4 35 36 50
1434 12 12 10 9 652 3 23 24 100
1435 12 7 5 4 269 5 21 22 60
1436 12 7 5 4 100 5 11 14 10
1437 12 16 12 9 547 4 11 14 10
1438 11 16 12 13 303 4 30 31 50
1439 4 14 12 11 278 7 14 15 150
1440 12 19 12 7 845 1 60 63 130
1441 12 12 10 5 729 3 53 56 20
1442 12 7 5 4 100 5 23 24 10
1443 12 7 5 4 170 5 37 38 30
1444 12 7 5 4 96 5 11 14 30
1445 3 12 10 6 330 6 53 56 70
1446 12 7 5 4 270 5 4 7 60
1447 12 7 5 4 160 5 4 7 10
1448 4 14 12 11 278 7 50 51 150
1449 12 12 10 7 229 3 25 28 40
1450 12 12 10 7 405 3 58 59 80
1451 8 14 12 14 179 2 21 22 100
1452 12 7 5 4 82 5 39 42 20
1453 11 16 12 13 303 4 22 23 50
1454 12 7 5 4 81 5 7 8 20
1455 1 16 12 9 277 4 11 14 80
1456 1 12 10 9 308 3 11 14 40
1457 12 12 10 7 229 3 18 21 40
1458 11 16 12 13 303 4 2 3 50
1459 12 7 5 4 270 5 9 10 60
1460 1 12 10 5 122 6 53 56 200
1461 11 16 12 13 207 4 45 46 50
1462 12 16 12 9 1471 4 42 43 260
1463 1 12 10 9 308 3 53 56 40
1464 12 16 12 9 547 4 37 38 10
1465 11 16 12 13 303 4 35 36 50
1466 12 12 10 7 176 3 23 24 30
1467 12 16 12 9 611 4 21 22 110
1468 12 7 5 4 160 5 9 10 10
1469 12 7 5 4 82 5 16 17 20
1470 11 16 12 13 205 4 31 32 40
1471 1 16 12 9 277 4 25 28 80
1472 12 19 12 7 713 1 28 29 130
1473 12 7 5 4 170 5 11 14 30
1474 11 16 12 13 207 4 57 58 50
1475 12 12 10 7 227 3 53 56 50
1476 12 7 5 4 96 5 37 38 30
1477 4 14 12 11 317 7 57 58 160
1478 12 12 10 7 267 3 18 21 60
1479 4 14 12 11 278 7 8 9 150
1480 4 14 12 11 317 7 24 25 160
1481 1 12 10 3 70 6 32 35 100
1482 11 16 12 13 303 4 15 16 50
1483 8 14 12 14 179 2 58 59 100
1484 12 16 12 9 611 4 51 52 110
1485 12 12 10 7 227 3 35 36 50
1486 12 7 5 4 82 5 49 50 20
1487 1 12 10 9 248 3 11 14 40
1488 11 16 12 13 207 4 56 57 50
1489 1 12 10 9 183 3 53 56 50
1490 1 12 10 9 183 3 39 42 50
1491 11 16 12 13 303 4 44 45 50
1492 11 16 12 13 205 4 22 23 40
1493 11 16 12 13 205 4 60 63 40
1494 12 7 5 4 160 5 35 36 10
1495 12 12 10 10 164 6 23 24 50
1496 1 16 12 9 310 4 11 14 60
1497 12 12 10 7 227 3 21 22 50
1498 12 12 10 9 337 3 35 36 50
1499 12 16 12 9 438 4 60 63 10
1500 12 12 10 7 229 3 44 45 40
1501 1 12 10 9 156 3 46 49 30
1502 12 12 10 9 337 3 46 49 50
1503 11 16 12 13 303 4 32 35 50
1504 12 12 10 7 500 3 44 45 70
1505 12 7 5 4 260 5 58 59 60
1506 1 12 10 9 248 3 46 49 40
1507 4 14 12 11 278 7 22 23 150
1508 4 14 12 11 317 7 10 11 160
1509 12 12 10 7 305 3 35 36 60
1510 12 19 12 7 713 1 60 63 130
1511 11 16 12 13 205 4 28 29 40
1512 1 12 10 3 77 6 11 14 160
1513 12 16 12 9 1471 4 28 29 260
1514 12 12 10 7 351 3 44 45 60
1515 12 7 5 4 270 5 23 24 60
1516 12 16 12 9 1471 4 7 8 260
1517 8 14 12 14 179 2 25 28 100
1518 2 16 12 9 180 4 10 11 10
1519 11 16 12 13 207 4 51 52 50
1520 12 12 10 7 305 3 21 22 60
1521 9 12 10 9 169 3 53 56 30
1522 7 12 10 9 577 3 46 49 70
1523 4 14 12 11 317 7 53 56 160
1524 11 16 12 13 205 4 25 28 40
1525 7 12 10 9 577 3 11 14 70
1526 12 7 5 4 81 5 21 22 20
1527 12 19 12 7 845 1 14 15 130
1528 12 7 5 4 81 5 53 56 20
1529 1 16 12 9 277 4 25 28 80
1530 3 16 12 9 454 4 39 42 80
1531 12 12 10 9 384 3 44 45 60
1532 12 12 10 10 164 6 51 52 50
1533 12 12 10 7 227 3 56 57 50
1534 12 12 10 5 729 3 30 31 20
1535 4 14 12 11 278 7 32 35 150
1536 4 14 12 11 317 7 35 36 160
1537 5 12 10 3 29 6 38 39 740
1538 1 12 10 5 127 6 53 56 220
1539 8 14 12 14 179 2 38 39 100
1540 12 16 12 9 438 4 28 29 10
1541 3 12 10 11 373 6 4 7 70
1542 11 16 12 13 303 4 18 21 50
1543 12 7 5 4 104 5 60 63 30
1544 11 16 12 13 207 4 37 38 50
1545 12 16 12 9 438 4 32 35 10
1546 7 12 10 9 577 3 39 42 70
1547 3 12 10 11 366 6 60 63 100
1548 12 16 12 9 514 4 49 50 100
1549 1 12 10 9 259 3 53 56 50
1550 11 16 12 13 312 4 24 25 50
1551 12 7 5 4 160 5 28 29 10
1552 11 16 12 13 303 4 49 50 50
1553 1 12 10 5 136 6 46 49 320
1554 12 12 10 7 305 3 56 57 60
1555 12 16 12 9 1471 4 21 22 260
1556 12 12 10 7 267 3 56 57 60
1557 12 12 10 7 229 3 32 35 40
1558 4 14 12 11 278 7 15 16 150
1559 12 12 10 10 164 6 37 38 50
1560 1 16 12 9 277 4 32 35 80
1561 12 7 5 4 82 5 44 45 20
1562 12 12 10 10 179 6 7 8 40
1563 7 12 10 9 527 3 25 28 60
1564 11 16 12 13 207 4 16 17 50
1565 12 7 5 4 269 5 30 31 60
1566 8 14 12 14 179 2 9 10 100
1567 5 12 10 9 293 3 38 39 520
1568 11 16 12 13 303 4 44 45 50
1569 12 12 10 7 351 3 30 31 60
1570 12 19 12 7 845 1 42 43 130
1571 11 16 12 13 205 4 59 60 40
1572 1 16 12 9 310 4 4 7 60
1573 12 12 10 5 690 3 35 36 20
1574 3 12 10 11 373 6 25 28 70
1575 1 12 10 9 156 3 11 14 30
1576 1 12 10 9 183 3 46 49 50
1577 12 7 5 4 170 5 46 49 30
1578 11 16 12 13 207 4 49 50 50
1579 11 16 12 13 303 4 3 3 80
1580 11 16 12 13 205 4 28 29 40
1581 12 7 5 4 170 5 7 8 30
1582 1 12 10 3 72 6 4 7 110
1583 12 7 5 4 160 5 16 17 10
1584 12 12 10 9 337 3 16 17 50
1585 12 16 12 9 547 4 4 7 10
1586 12 12 10 7 227 3 49 50 50
1587 12 12 10 7 229 3 44 45 40
1588 11 16 12 13 207 4 16 17 50
1589 12 12 10 9 337 3 7 8 50
1590 1 12 10 9 156 3 39 42 30
1591 12 19 12 7 713 1 14 15 130
1592 12 12 10 7 305 3 49 50 60
1593 12 12 10 10 179 6 39 42 40
1594 1 12 10 5 122 6 39 42 200
1595 12 12 10 7 176 3 42 43 30
1596 12 7 5 4 170 5 51 52 30
1597 12 7 5 4 170 5 39 42 30
1598 11 16 12 13 303 4 56 57 50
1599 12 7 5 4 100 5 39 42 10
1600 12 7 5 4 270 5 37 38 60
1601 12 12 10 9 337 3 51 52 50
1602 11 16 12 13 303 4 18 21 50
1603 11 16 12 13 207 4 11 14 50
1604 12 12 10 7 176 3 58 59 30
1605 8 14 12 14 179 2 36 37 100
1606 12 12 10 7 351 3 37 38 60
1607 12 12 10 7 405 3 11 14 80
1608 11 16 12 13 303 4 30 31 50
1609 12 7 5 4 48 5 60 63 10
1610 1 12 10 9 248 3 4 7 40
1611 12 12 10 10 179 6 23 24 40
1612 12 7 5 4 82 5 28 29 20
1613 1 12 10 9 308 3 39 42 40
1614 12 12 10 7 405 3 25 28 80
1615 7 12 10 9 527 3 60 63 60
1616 12 12 10 9 337 3 30 31 50
1617 12 12 10 5 729 3 56 57 20
1618 12 7 5 4 160 5 25 28 10
1619 8 14 12 14 179 2 51 52 100
1620 12 7 5 4 81 5 18 21 20
1621 12 12 10 7 176 3 9 10 30
1622 12 12 10 9 708 3 42 43 130
1623 1 12 10 3 77 6 4 7 160
1624 12 7 5 4 104 5 32 35 30
1625 11 16 12 13 207 4 23 24 50
1626 12 12 10 5 690 3 53 56 20
1627 11 16 12 13 312 4 49 50 50
1628 12 7 5 4 100 5 51 52 10
1629 11 16 12 13 303 4 8 9 50
1630 11 16 12 13 303 4 56 57 50
1631 5 12 10 3 29 6 31 32 740
1632 12 12 10 7 227 3 16 17 50
1633 11 16 12 13 205 4 25 28 40
1634 1 12 10 9 308 3 46 49 40
1635 1 16 12 9 277 4 4 7 80
1636 1 12 10 9 248 3 53 56 40
1637 11 16 12 13 303 4 3 3 80
1638 12 12 10 9 384 3 28 29 60
1639 1 12 10 9 246 3 4 7 40
1640 11 16 12 13 207 4 35 36 50
1641 12 7 5 4 160 5 30 31 10
1642 12 7 5 4 100 5 46 49 10
1643 12 12 10 9 384 3 11 14 60
1644 12 7 5 4 260 5 4 7 60
1645 1 12 10 9 156 3 53 56 30
1646 8 14 12 14 179 2 46 49 100
1647 12 12 10 7 176 3 4 7 30
1648 12 7 5 4 100 5 7 8 10
1649 12 12 10 5 729 3 49 50 20
1650 12 7 5 4 104 5 44 45 30
1651 1 12 10 9 246 3 46 49 40
1652 12 7 5 4 160 5 56 57 10
1653 12 7 5 4 269 5 49 50 60
1654 1 16 12 9 277 4 4 7 80
1655 5 12 10 9 293 3 24 25 520
1656 4 14 12 11 317 7 21 22 160
1657 1 12 10 9 225 3 25 28 40
1658 11 16 12 13 205 4 60 63 40
1659 5 12 10 9 294 3 31 32 170
1660 12 12 10 9 337 3 56 57 50
1661 12 12 10 5 690 3 21 22 20
1662 12 19 12 7 845 1 25 28 130
1663 4 14 12 11 278 7 44 45 150
1664 12 16 12 9 547 4 42 43 10
1665 3 16 12 9 454 4 46 49 80
1666 12 7 5 4 270 5 11 14 60
1667 12 12 10 9 384 3 37 38 60
1668 12 7 5 4 160 5 14 15 10
1669 12 12 10 5 729 3 16 17 20
1670 3 16 12 9 454 4 39 42 80
1671 1 16 12 9 277 4 18 21 80
