nbCamions 308
Id_truck Arrival_time Length Width Height Max_weight Cost
0 12 135 25 29 24000 1500
1 19 135 25 29 24000 1500
2 29 135 25 29 25000 1500
3 29 135 25 29 25000 1500
4 42 135 25 29 25000 1500
5 33 135 25 29 24000 1500
6 16 135 25 29 25000 1500
7 43 135 25 30 24000 1500
8 33 135 25 26 24000 1500
9 7 135 25 29 24000 1500
10 19 135 25 28 24000 1500
11 28 135 25 29 24000 1500
12 27 135 25 29 24000 1500
13 38 135 25 30 24000 1500
14 47 135 25 29 24000 1500
15 22 135 25 30 24000 1500
16 40 135 25 28 24000 1500
17 15 135 25 29 24000 1500
18 19 135 25 29 24000 1500
19 5 135 25 29 24000 1500
20 9 135 25 30 24000 1500
21 30 135 25 29 24000 1500
22 35 135 25 29 24000 1500
23 12 135 25 29 24000 1500
24 33 135 25 29 24000 1500
25 30 135 25 30 24000 1500
26 40 135 25 29 24000 1500
27 40 135 25 29 24000 1500
28 8 135 25 29 24000 1500
29 38 135 25 29 24000 1500
30 21 135 25 29 25000 1500
31 6 135 25 26 24000 1500
32 14 135 25 29 24000 1500
33 9 135 25 29 24000 1500
34 12 135 25 29 25000 1500
35 42 135 25 29 24000 1500
36 36 135 25 28 24000 1500
37 26 135 25 29 24000 1500
38 34 135 25 29 24000 1500
39 42 135 25 29 24000 1500
40 34 135 25 29 24000 1500
41 7 135 25 29 25000 1500
42 10 135 25 29 24000 1500
43 35 135 24 30 24000 1500
44 28 135 25 26 24000 1500
45 23 135 25 29 24000 1500
46 44 135 25 29 24000 1500
47 34 135 25 30 24000 1500
48 13 135 25 29 25000 1500
49 35 135 25 29 24000 1500
50 36 135 25 29 24000 1500
51 15 135 25 29 24000 1500
52 13 135 25 29 25000 1500
53 45 135 25 29 24000 1500
54 35 135 25 30 24000 1500
55 43 135 25 29 24000 1500
56 42 135 25 30 24000 1500
57 12 135 25 26 24000 1500
58 15 135 25 28 24000 1500
59 1 135 25 29 24000 1500
60 47 135 25 29 24000 1500
61 47 135 25 29 24000 1500
62 8 135 25 29 25000 1500
63 8 135 25 29 25000 1500
64 42 135 24 30 24000 1500
65 8 135 25 29 24000 1500
66 30 135 25 29 24000 1500
67 41 135 25 26 24000 1500
68 47 135 25 30 24000 1500
69 6 135 25 29 24000 1500
70 19 135 25 26 24000 1500
71 22 135 25 29 25000 1500
72 22 135 25 29 25000 1500
73 12 135 25 29 24000 1500
74 21 135 25 29 24000 1500
75 9 135 25 29 25000 1500
76 23 135 25 26 24000 1500
77 19 135 25 29 24000 1500
78 26 135 25 29 24000 1500
79 40 135 25 29 24000 1500
80 36 135 25 29 25000 1500
81 36 135 25 29 25000 1500
82 23 135 25 30 24000 1500
83 37 135 25 26 24000 1500
84 28 135 25 29 24000 1500
85 21 135 25 29 24000 1500
86 12 135 25 28 24000 1500
87 40 135 25 26 24000 1500
88 17 135 25 29 25000 1500
89 44 135 25 26 24000 1500
90 41 135 25 29 25000 1500
91 41 135 25 29 25000 1500
92 16 135 25 29 24000 1500
93 33 135 25 29 24000 1500
94 12 135 25 29 24000 1500
95 35 135 25 29 24000 1500
96 16 135 25 29 24000 1500
97 19 135 25 26 24000 1500
98 37 135 25 30 24000 1500
99 7 135 24 30 24000 1500
100 43 135 25 29 25000 1500
101 43 135 25 29 25000 1500
102 40 135 25 29 24000 1500
103 5 135 25 29 24000 1500
104 20 135 25 29 25000 1500
105 20 135 25 29 25000 1500
106 14 135 25 29 24000 1500
107 47 135 25 29 24000 1500
108 7 135 25 26 24000 1500
109 16 135 25 29 24000 1500
110 37 135 25 29 24000 1500
111 42 135 25 29 24000 1500
112 19 135 25 29 24000 1500
113 19 135 25 29 24000 1500
114 16 135 25 29 24000 1500
115 36 135 25 29 24000 1500
116 23 135 25 29 24000 1500
117 31 135 25 29 24000 1500
118 22 135 25 29 24000 1500
119 40 135 25 26 24000 1500
120 21 135 24 30 24000 1500
121 14 135 24 30 24000 1500
122 37 135 25 29 24000 1500
123 8 135 25 28 24000 1500
124 20 135 25 30 24000 1500
125 40 135 25 29 25000 1500
126 27 135 25 26 24000 1500
127 37 135 25 29 24000 1500
128 28 135 24 30 24000 1500
129 24 135 25 29 25000 1500
130 21 135 25 30 24000 1500
131 26 135 25 29 24000 1500
132 17 135 25 29 24000 1500
133 8 135 25 29 24000 1500
134 43 135 25 29 24000 1500
135 29 135 25 29 24000 1500
136 23 135 25 29 24000 1500
137 19 135 25 30 24000 1500
138 16 135 25 30 24000 1500
139 21 135 25 29 24000 1500
140 44 135 25 26 24000 1500
141 43 135 25 28 24000 1500
142 30 135 25 29 24000 1500
143 21 135 25 29 24000 1500
144 17 135 25 30 24000 1500
145 37 135 25 29 25000 1500
146 20 135 25 29 24000 1500
147 36 135 25 26 24000 1500
148 20 135 25 29 24000 1500
149 42 135 25 26 24000 1500
150 13 135 25 26 24000 1500
151 23 135 25 29 24000 1500
152 38 135 25 29 25000 1500
153 6 135 25 29 24000 1500
154 6 135 25 29 24000 1500
155 15 135 25 29 25000 1500
156 15 135 25 29 25000 1500
157 26 135 25 29 24000 1500
158 45 135 25 29 24000 1500
159 19 135 25 29 24000 1500
160 19 135 25 29 24000 1500
161 8 135 25 29 24000 1500
162 34 135 25 29 24000 1500
163 33 135 25 29 24000 1500
164 47 135 25 29 24000 1500
165 44 135 25 29 24000 1500
166 40 135 25 29 24000 1500
167 21 135 25 29 24000 1500
168 40 135 25 29 24000 1500
169 28 135 25 29 24000 1500
170 24 135 25 29 24000 1500
171 45 135 25 30 24000 1500
172 22 135 25 26 24000 1500
173 26 135 25 29 24000 1500
174 9 135 25 26 24000 1500
175 42 135 25 29 24000 1500
176 26 135 25 26 24000 1500
177 12 135 25 29 24000 1500
178 35 135 25 29 24000 1500
179 16 135 25 29 24000 1500
180 9 135 25 26 24000 1500
181 44 135 25 29 24000 1500
182 23 135 25 29 25000 1500
183 30 135 25 26 24000 1500
184 47 135 25 26 24000 1500
185 44 135 25 29 25000 1500
186 36 135 25 30 24000 1500
187 24 135 25 30 24000 1500
188 27 135 25 29 25000 1500
189 27 135 25 29 25000 1500
190 6 135 25 30 24000 1500
191 30 135 25 26 24000 1500
192 26 135 25 29 25000 1500
193 43 135 25 26 24000 1500
194 14 135 25 29 24000 1500
195 47 135 25 29 24000 1500
196 13 135 25 29 24000 1500
197 22 135 25 29 24000 1500
198 45 135 25 29 25000 1500
199 35 135 25 29 24000 1500
200 29 135 25 29 24000 1500
201 19 135 25 29 25000 1500
202 9 135 25 29 24000 1500
203 1 135 25 29 25000 1500
204 1 135 25 29 25000 1500
205 43 135 25 29 24000 1500
206 42 135 24 30 24000 1500
207 21 135 25 26 24000 1500
208 41 135 25 29 24000 1500
209 41 135 25 29 24000 1500
210 29 135 25 28 24000 1500
211 34 135 25 26 24000 1500
212 6 135 25 29 25000 1500
213 35 135 24 30 24000 1500
214 6 135 25 29 25000 1500
215 33 135 25 30 24000 1500
216 26 135 25 26 24000 1500
217 16 135 25 26 24000 1500
218 37 135 25 29 24000 1500
219 9 135 25 29 24000 1500
220 22 135 25 28 24000 1500
221 40 135 25 30 24000 1500
222 7 135 25 29 24000 1500
223 10 135 25 29 25000 1500
224 41 135 25 30 24000 1500
225 26 135 25 28 24000 1500
226 14 135 25 26 24000 1500
227 44 135 25 29 24000 1500
228 26 135 25 29 24000 1500
229 26 135 25 29 24000 1500
230 35 135 25 29 25000 1500
231 1 135 25 29 24000 1500
232 31 135 25 30 24000 1500
233 23 135 25 26 24000 1500
234 5 135 25 29 25000 1500
235 10 135 25 30 24000 1500
236 20 135 25 29 24000 1500
237 30 135 25 29 25000 1500
238 47 135 25 29 24000 1500
239 37 135 25 26 24000 1500
240 14 135 25 29 25000 1500
241 26 135 25 30 24000 1500
242 44 135 25 30 24000 1500
243 12 135 25 29 24000 1500
244 12 135 25 29 24000 1500
245 7 135 24 30 24000 1500
246 33 135 25 29 24000 1500
247 33 135 25 29 24000 1500
248 29 135 25 30 24000 1500
249 40 135 25 29 24000 1500
250 7 135 25 29 24000 1500
251 10 135 25 29 24000 1500
252 28 135 25 29 25000 1500
253 33 135 25 29 24000 1500
254 31 135 25 29 24000 1500
255 7 135 25 30 24000 1500
256 1 135 25 30 24000 1500
257 17 135 25 29 24000 1500
258 41 135 25 29 24000 1500
259 42 135 25 29 24000 1500
260 15 135 25 26 24000 1500
261 33 135 25 28 24000 1500
262 14 135 24 30 24000 1500
263 33 135 25 26 24000 1500
264 14 135 25 29 24000 1500
265 8 135 25 30 24000 1500
266 28 135 25 30 24000 1500
267 23 135 25 29 24000 1500
268 44 135 25 29 24000 1500
269 20 135 25 26 24000 1500
270 30 135 25 29 24000 1500
271 27 135 25 30 24000 1500
272 14 135 25 29 24000 1500
273 28 135 25 29 24000 1500
274 37 135 25 29 24000 1500
275 47 135 25 29 25000 1500
276 5 135 25 29 24000 1500
277 5 135 25 29 24000 1500
278 28 135 24 30 24000 1500
279 29 135 25 29 24000 1500
280 38 135 25 29 24000 1500
281 12 135 25 30 24000 1500
282 15 135 25 30 24000 1500
283 47 135 25 28 24000 1500
284 13 135 25 29 24000 1500
285 22 135 25 29 24000 1500
286 13 135 25 29 24000 1500
287 29 135 25 26 24000 1500
288 31 135 25 29 25000 1500
289 16 135 25 26 24000 1500
290 36 135 25 29 24000 1500
291 35 135 25 26 24000 1500
292 27 135 25 29 24000 1500
293 27 135 25 29 24000 1500
294 9 135 25 29 24000 1500
295 5 135 25 30 24000 1500
296 21 135 24 30 24000 1500
297 24 135 25 29 24000 1500
298 34 135 25 29 25000 1500
299 34 135 25 29 25000 1500
300 14 135 25 30 24000 1500
301 30 135 25 29 24000 1500
302 15 135 25 29 24000 1500
303 7 135 25 29 24000 1500
304 28 135 25 29 24000 1500
305 47 135 25 26 24000 1500
306 33 135 25 29 25000 1500
307 13 135 25 30 24000 1500
