nbObjets 2318
Id_item Supplier_code Length Width Height Weight Stackability_code Earliest_arrival_time Latest_arrival_time Inventory_cost
0 11 12 10 9 710 4 35 38 80
1 12 12 10 3 144 3 26 29 510
2 11 12 10 9 716 4 30 34 60
3 12 12 10 3 128 3 40 43 340
4 40 12 10 3 322 3 27 30 210
5 12 12 10 3 46 3 14 17 400
6 43 12 10 9 261 4 24 28 180
7 41 16 12 9 480 5 41 44 100
8 25 12 10 3 45 7 31 35 6880
9 15 12 10 9 810 4 22 23 250
10 19 12 10 9 344 4 20 23 90
11 12 12 10 3 51 3 9 13 330
12 40 12 10 5 300 3 1 7 160
13 10 12 10 9 372 4 23 27 30
14 25 12 10 3 21 7 38 42 2100
15 9 12 10 3 127 3 45 47 200
16 24 12 10 5 141 3 24 28 1200
17 31 12 10 9 255 4 29 33 2490
18 19 12 10 9 344 4 24 28 90
19 29 12 10 9 201 4 6 9 110
20 40 12 10 3 310 3 20 23 420
21 13 12 10 11 627 3 21 24 190
22 26 12 10 9 937 4 41 44 300
23 12 12 10 3 160 3 19 22 680
24 12 12 10 5 260 3 42 45 260
25 4 12 10 9 395 4 36 40 130
26 11 12 10 9 537 4 30 34 60
27 43 7 5 4 152 6 17 21 30
28 40 12 10 5 300 3 22 26 160
29 12 12 10 7 359 3 33 36 390
30 11 12 10 9 981 4 40 43 60
31 34 12 10 9 153 4 22 26 20
32 11 12 10 9 537 4 40 43 60
33 43 7 5 4 366 6 38 42 50
34 6 12 10 9 248 4 1 1 50
35 1 12 10 11 149 2 29 33 80
36 11 12 10 9 611 4 16 20 70
37 16 12 10 9 169 3 6 7 2750
38 36 12 10 9 885 4 10 12 260
39 26 12 10 9 937 4 17 21 300
40 10 12 10 9 587 4 5 8 80
41 2 12 10 9 720 4 29 33 710
42 12 12 10 9 473 3 43 47 390
43 29 12 10 9 201 4 42 45 110
44 41 16 12 9 482 5 35 38 100
45 13 12 10 6 521 3 5 8 410
46 10 12 10 9 587 4 13 16 80
47 19 12 10 9 288 4 1 7 70
48 4 12 10 9 436 4 43 47 140
49 13 12 10 9 231 4 1 6 650
50 10 12 10 7 518 4 36 40 50
51 12 12 10 7 380 3 35 38 390
52 41 16 12 9 503 5 20 23 150
53 12 12 10 3 113 3 1 6 1020
54 14 12 10 7 981 4 35 38 120
55 14 7 5 4 536 6 42 45 80
56 1 11 9 8 126 8 5 8 190
57 10 12 10 9 410 4 36 40 40
58 12 12 10 11 569 3 37 41 200
59 29 12 10 9 185 4 37 41 40
60 24 12 10 3 81 3 24 28 1520
61 36 12 10 9 885 4 1 5 260
62 30 12 10 8 1139 1 24 28 110
63 34 12 10 9 153 4 1 6 20
64 42 12 10 9 715 4 20 23 270
65 10 12 10 9 372 4 38 42 30
66 10 12 10 9 410 4 8 12 40
67 10 12 10 7 518 4 6 9 50
68 10 12 10 9 768 4 40 43 80
69 25 12 10 3 84 7 38 42 8080
70 11 12 10 9 716 4 41 44 60
71 30 12 10 8 1139 1 38 42 110
72 40 12 10 3 160 3 37 41 80
73 35 12 10 8 1523 1 29 33 240
74 11 12 10 9 537 4 27 30 60
75 12 12 10 3 40 3 43 47 220
76 4 12 10 9 488 4 13 16 170
77 12 12 10 3 67 3 1 6 550
78 40 7 5 4 626 6 29 33 70
79 12 12 10 7 359 3 1 6 390
80 30 12 10 8 1661 1 29 33 140
81 10 12 10 9 372 4 9 13 30
82 11 12 10 3 32 3 24 28 170
83 26 12 10 9 937 4 13 16 300
84 4 12 10 9 395 4 8 12 130
85 17 12 10 11 228 3 17 21 560
86 10 12 10 9 372 4 26 29 30
87 19 12 10 9 288 4 10 14 80
88 19 12 10 9 288 4 27 30 80
89 11 12 10 9 716 4 19 22 60
90 5 12 10 9 720 4 33 36 710
91 11 12 10 9 981 4 21 24 60
92 6 12 10 10 491 4 6 9 250
93 11 12 10 9 981 4 16 20 60
94 11 12 10 9 710 4 7 10 80
95 34 12 10 3 47 3 36 40 480
96 3 12 10 8 921 1 13 16 90
97 10 12 10 7 518 4 43 47 50
98 11 12 10 9 716 4 19 22 60
99 11 12 10 9 710 4 24 28 80
100 11 12 10 9 537 4 20 23 60
101 5 12 10 9 994 4 26 29 360
102 13 12 10 9 231 4 33 36 650
103 16 12 10 9 212 3 27 28 1300
104 11 12 10 9 716 4 36 40 60
105 12 12 10 3 46 3 37 41 400
106 12 12 10 3 144 3 15 19 680
107 12 12 10 3 48 3 22 26 330
108 42 12 10 9 695 4 1 6 270
109 24 12 10 3 56 3 38 42 900
110 10 12 10 9 372 4 40 43 30
111 11 12 10 3 109 3 37 41 260
112 39 16 12 9 464 5 38 42 130
113 43 7 5 4 152 6 29 33 30
114 4 12 10 9 395 4 13 16 130
115 41 16 12 9 482 5 34 37 100
116 43 12 10 9 252 4 1 7 180
117 10 12 10 9 587 4 19 22 80
118 7 12 10 8 1202 1 40 43 460
119 1 12 10 11 149 2 40 43 80
120 11 12 10 9 537 4 9 13 60
121 12 12 10 3 32 3 16 20 200
122 9 12 10 3 127 3 38 40 200
123 7 12 10 8 1202 1 26 29 460
124 4 12 10 9 488 4 17 21 170
125 41 16 12 9 503 5 37 41 150
126 11 12 10 9 611 4 22 26 70
127 16 12 10 11 260 3 1 5 2600
128 40 12 10 2 164 3 29 33 210
129 24 12 10 3 68 3 38 42 780
130 35 12 10 9 1754 4 36 40 320
131 16 12 10 3 41 3 36 37 250
132 42 12 10 9 715 4 6 9 270
133 12 12 10 11 569 3 26 29 300
134 43 7 5 4 366 6 34 37 50
135 5 12 10 9 994 4 40 43 360
136 11 12 10 9 981 4 9 13 60
137 11 12 10 9 537 4 15 19 60
138 15 12 10 9 810 4 1 5 250
139 43 7 5 4 152 6 13 16 30
140 11 12 10 9 611 4 16 20 70
141 26 12 10 9 937 4 29 33 300
142 11 12 10 9 710 4 23 27 80
143 10 12 10 9 410 4 43 47 40
144 43 12 10 9 553 4 24 28 800
145 11 12 10 3 32 3 30 34 170
146 10 12 10 9 587 4 36 40 80
147 11 12 10 9 716 4 30 34 60
148 4 12 10 9 395 4 41 44 130
149 7 12 10 8 1202 1 36 40 460
150 19 12 10 9 288 4 30 34 80
151 10 12 10 7 518 4 14 17 50
152 24 12 10 3 81 3 17 21 1500
153 5 12 10 9 994 4 33 36 360
154 36 12 10 9 885 4 38 40 260
155 10 12 10 9 410 4 1 1 40
156 10 12 10 7 518 4 1 5 50
157 40 12 10 2 170 3 43 47 210
158 38 12 10 3 77 3 31 35 12400
159 10 12 10 9 372 4 1 5 30
160 24 12 10 3 31 3 10 14 260
161 43 12 10 9 241 4 1 7 60
162 1 11 9 8 126 8 19 22 190
163 14 12 10 8 1938 1 33 36 220
164 10 12 10 9 410 4 1 5 40
165 34 12 10 3 55 3 1 5 320
166 12 12 10 3 48 3 15 19 330
167 4 12 10 9 436 4 1 7 140
168 10 12 10 7 518 4 43 47 50
169 12 12 10 3 139 3 16 20 130
170 27 12 10 9 294 4 34 37 80
171 43 12 10 9 241 4 22 26 60
172 41 16 12 9 480 5 36 40 100
173 4 12 10 9 436 4 13 16 140
174 11 12 10 9 537 4 21 24 60
175 12 12 10 3 129 3 19 22 100
176 10 12 10 9 410 4 41 44 40
177 29 12 10 9 201 4 20 23 110
178 16 12 10 7 131 3 45 47 500
179 24 12 10 3 80 3 1 7 800
180 13 12 10 11 627 3 30 34 190
181 12 12 10 9 459 3 1 5 400
182 11 12 10 9 537 4 31 35 60
183 5 12 10 9 720 4 22 26 710
184 40 12 10 3 322 3 41 44 420
185 43 12 10 9 252 4 27 30 180
186 10 12 10 7 518 4 1 1 50
187 12 12 10 3 32 3 5 8 200
188 34 12 10 9 153 4 21 24 20
189 11 12 10 9 716 4 8 12 60
190 30 12 10 8 1139 1 28 31 110
191 10 12 10 9 372 4 29 33 30
192 4 12 10 9 436 4 6 9 140
193 41 16 12 9 482 5 38 42 100
194 19 12 10 9 344 4 8 12 90
195 11 12 10 9 710 4 12 15 80
196 41 16 12 9 503 5 42 45 150
197 11 12 10 9 537 4 37 41 60
198 11 12 10 9 981 4 1 7 60
199 11 12 10 9 611 4 21 24 70
200 11 12 10 9 710 4 36 40 80
201 11 12 10 9 537 4 41 44 60
202 26 12 10 9 937 4 10 14 300
203 7 12 10 7 982 4 29 33 320
204 10 12 10 9 372 4 24 28 30
205 14 12 10 7 981 4 34 37 120
206 13 12 10 11 627 3 1 7 190
207 26 12 10 9 937 4 8 8 300
208 24 12 10 3 68 3 17 21 600
209 11 12 10 9 981 4 26 29 60
210 19 12 10 9 344 4 34 37 90
211 22 12 10 11 262 3 45 47 60
212 7 12 10 7 998 4 22 26 350
213 6 12 10 10 491 4 1 1 250
214 38 12 10 3 104 3 24 28 1860
215 13 12 10 9 231 4 33 36 650
216 5 12 10 9 994 4 29 33 360
217 34 12 10 4 63 3 28 31 60
218 23 12 10 15 215 4 15 19 1070
219 11 12 10 9 611 4 10 14 70
220 31 12 10 9 252 4 26 29 2520
221 6 12 10 10 491 4 43 47 250
222 11 12 10 9 611 4 5 8 70
223 27 12 10 9 294 4 8 12 80
224 10 12 10 9 768 4 14 17 80
225 34 12 10 7 144 3 21 24 180
226 10 12 10 9 372 4 43 47 30
227 27 12 10 9 294 4 24 28 80
228 29 12 10 9 185 4 20 23 40
229 41 16 12 9 480 5 30 34 100
230 30 12 10 8 1139 1 1 7 110
231 12 12 10 3 32 3 35 38 170
232 42 12 10 9 533 4 37 41 260
233 10 12 10 9 372 4 34 37 30
234 11 12 10 9 716 4 5 8 60
235 14 7 5 4 536 6 31 35 80
236 42 12 10 9 715 4 37 41 270
237 25 12 10 6 247 3 17 21 300
238 36 12 10 9 885 4 22 23 260
239 6 12 10 10 491 4 37 41 250
240 32 12 10 9 250 4 40 43 60
241 2 12 10 9 720 4 29 33 710
242 11 12 10 9 537 4 19 22 60
243 10 12 10 9 768 4 38 42 80
244 4 12 10 9 436 4 31 35 140
245 23 12 10 15 254 4 22 26 1040
246 29 12 10 9 185 4 29 33 40
247 2 12 10 9 720 4 26 29 710
248 11 12 10 9 981 4 29 33 60
249 11 12 10 9 537 4 6 9 60
250 12 12 10 5 246 3 30 34 260
251 43 12 10 9 553 4 34 37 800
252 14 12 10 8 1609 1 30 34 180
253 34 12 10 9 153 4 10 14 20
254 22 12 10 11 262 3 34 35 60
255 6 12 10 9 204 4 1 6 40
256 11 12 10 9 537 4 29 33 60
257 22 12 10 11 262 3 36 37 60
258 6 12 10 9 248 4 23 27 50
259 4 12 10 9 488 4 43 47 170
260 11 12 10 9 537 4 26 29 60
261 6 12 10 10 491 4 16 16 250
262 14 12 10 7 981 4 24 28 120
263 10 12 10 7 518 4 42 45 50
264 30 12 10 8 1139 1 35 38 110
265 35 12 10 9 1167 4 22 26 270
266 16 12 10 11 252 3 29 30 100
267 34 12 10 9 153 4 1 7 20
268 29 12 10 9 201 4 31 35 110
269 11 12 10 9 981 4 22 26 60
270 12 12 10 3 144 3 12 15 510
271 4 12 10 9 436 4 17 21 140
272 31 12 10 9 255 4 26 29 2490
273 13 12 10 6 521 3 36 40 410
274 39 16 12 9 464 5 34 37 130
275 10 12 10 9 410 4 42 45 40
276 19 12 10 9 288 4 1 6 70
277 10 12 10 7 518 4 28 31 50
278 12 12 10 3 82 3 14 17 340
279 6 12 10 10 603 4 43 47 340
280 11 12 10 9 537 4 10 14 60
281 24 12 10 3 68 3 10 14 1200
282 36 12 10 9 885 4 27 28 260
283 12 12 10 3 51 3 5 8 220
284 5 12 10 9 654 4 36 40 400
285 11 12 10 9 611 4 27 30 70
286 12 12 10 3 46 3 9 13 400
287 35 12 10 8 1523 1 40 43 240
288 25 12 10 3 45 7 17 21 6880
289 11 12 10 9 611 4 10 14 70
290 11 12 10 9 537 4 14 17 60
291 12 12 10 3 175 3 37 41 680
292 12 12 10 3 144 3 26 29 510
293 11 12 10 9 716 4 16 20 60
294 33 12 10 4 69 3 36 40 70
295 40 12 10 2 164 3 37 41 210
296 14 12 10 8 1653 1 1 7 190
297 21 12 10 10 234 3 19 22 90
298 11 12 10 9 716 4 21 24 60
299 14 12 10 8 1201 1 29 33 170
300 30 12 10 8 1139 1 1 5 110
301 19 12 10 9 344 4 29 33 90
302 15 12 10 9 810 4 45 47 250
303 11 12 10 9 716 4 35 38 60
304 12 12 10 3 32 3 28 31 170
305 12 12 10 7 380 3 23 27 260
306 11 12 10 9 981 4 31 35 60
307 12 12 10 3 51 3 14 17 220
308 6 12 10 10 491 4 26 29 250
309 35 12 10 9 1754 4 26 29 320
310 14 12 10 7 981 4 5 8 120
311 12 12 10 3 32 3 23 27 200
312 12 12 10 3 67 3 5 8 330
313 12 12 10 7 359 3 21 24 390
314 11 12 10 9 981 4 41 44 60
315 11 12 10 9 981 4 1 6 60
316 14 12 10 8 1485 1 29 33 200
317 7 12 10 8 1202 1 29 33 460
318 31 12 10 9 252 4 43 47 2520
319 11 12 10 9 981 4 28 31 60
320 4 12 10 9 436 4 20 23 140
321 11 12 10 9 611 4 5 8 70
322 41 16 12 9 482 5 1 1 100
323 11 12 10 9 981 4 26 29 60
324 11 12 10 9 611 4 1 6 70
325 10 12 10 9 410 4 15 19 40
326 10 12 10 7 518 4 26 29 50
327 39 16 12 9 464 5 43 47 130
328 11 12 10 9 981 4 37 41 60
329 14 7 5 4 536 6 1 5 80
330 6 12 10 9 204 4 21 24 40
331 10 12 10 9 768 4 24 28 80
332 4 12 10 9 436 4 29 33 140
333 6 12 10 10 491 4 23 27 250
334 43 12 10 9 252 4 41 44 180
335 11 12 10 9 981 4 9 13 60
336 39 16 12 9 464 5 36 40 130
337 19 12 10 9 288 4 10 14 70
338 38 12 10 3 28 3 38 42 930
339 4 12 10 9 488 4 1 7 170
340 12 12 10 3 38 3 43 47 220
341 6 12 10 10 491 4 38 42 250
342 17 12 10 11 228 3 1 7 560
343 11 12 10 3 114 3 24 28 130
344 29 12 10 9 201 4 26 29 110
345 19 12 10 9 288 4 13 16 70
346 11 12 10 9 981 4 19 22 60
347 40 12 10 6 653 3 23 27 140
348 13 12 10 9 231 4 29 33 650
349 11 12 10 9 710 4 23 27 80
350 10 12 10 7 518 4 40 43 50
351 10 12 10 9 768 4 42 45 80
352 10 12 10 9 587 4 29 33 80
353 35 12 10 9 1135 4 43 47 210
354 29 12 10 9 201 4 1 1 110
355 34 12 10 9 153 4 27 30 20
356 4 12 10 9 488 4 15 19 170
357 42 12 10 9 533 4 6 9 260
358 40 12 10 6 653 3 38 42 140
359 43 12 10 9 241 4 17 21 60
360 12 12 10 3 175 3 12 15 680
361 41 16 12 9 482 5 36 40 100
362 11 12 10 9 611 4 13 16 70
363 26 12 10 9 937 4 22 26 300
364 24 12 10 3 68 3 1 7 600
365 16 12 10 7 141 3 24 26 960
366 11 12 10 9 716 4 27 30 60
367 10 12 10 7 518 4 37 41 50
368 11 12 10 9 981 4 17 21 60
369 15 12 10 9 810 4 6 7 250
370 6 12 10 9 204 4 29 33 40
371 12 12 10 3 32 3 33 36 200
372 11 12 10 9 537 4 17 21 60
373 11 12 10 9 710 4 1 5 80
374 40 12 10 7 441 3 8 12 240
375 18 12 10 10 186 3 19 22 200
376 41 16 12 9 482 5 41 44 100
377 30 12 10 8 1139 1 22 26 110
378 24 12 10 3 56 3 31 35 1140
379 43 7 5 4 366 6 8 12 50
380 16 12 10 3 26 3 34 35 250
381 2 12 10 9 720 4 33 36 710
382 36 12 10 9 885 4 31 33 260
383 10 12 10 9 768 4 37 41 80
384 10 12 10 9 410 4 9 13 40
385 10 12 10 7 518 4 23 27 50
386 20 12 10 5 130 3 17 21 660
387 43 7 5 4 152 6 22 26 30
388 10 12 10 7 518 4 15 19 50
389 4 12 10 9 436 4 34 37 140
390 10 12 10 9 372 4 28 31 30
391 40 12 10 6 653 3 1 5 140
392 42 12 10 9 695 4 27 30 270
393 10 12 10 9 372 4 6 9 30
394 43 12 10 9 261 4 43 47 180
395 23 12 10 15 215 4 40 43 1070
396 35 12 10 9 1135 4 29 33 210
397 11 12 10 3 75 3 35 38 600
398 24 12 10 3 81 3 17 21 1500
399 34 12 10 9 153 4 5 8 20
400 23 12 10 15 215 4 26 29 1070
401 13 12 10 9 231 4 40 43 650
402 11 12 10 9 981 4 37 41 60
403 10 12 10 7 518 4 20 23 50
404 24 12 10 5 143 3 17 21 1300
405 40 12 10 3 310 3 1 5 420
406 11 12 10 3 32 3 37 41 170
407 4 12 10 9 395 4 38 42 130
408 11 12 10 3 61 3 21 24 450
409 11 12 10 9 710 4 30 34 80
410 16 12 10 11 260 3 6 7 3250
411 10 12 10 7 518 4 9 13 50
412 28 12 10 11 283 3 40 43 470
413 14 7 5 4 536 6 37 41 80
414 19 12 10 9 288 4 1 7 80
415 17 12 10 4 68 3 24 28 360
416 11 12 10 9 981 4 10 14 60
417 7 12 10 7 998 4 33 36 350
418 24 12 10 3 81 3 1 7 1500
419 4 12 10 9 436 4 15 19 140
420 12 12 10 3 113 3 22 26 510
421 13 12 10 9 231 4 22 26 650
422 11 12 10 9 981 4 5 8 60
423 34 12 10 3 47 3 42 45 480
424 26 12 10 9 937 4 24 28 300
425 34 12 10 9 153 4 13 16 20
426 21 12 10 10 234 3 1 1 90
427 10 12 10 9 768 4 28 31 80
428 4 12 10 9 436 4 22 26 140
429 6 12 10 10 491 4 31 35 250
430 12 12 10 3 32 3 33 36 170
431 6 12 10 9 204 4 22 26 40
432 37 12 10 9 169 4 37 41 30
433 40 12 10 3 290 3 1 7 420
434 16 12 10 7 141 3 41 42 640
435 34 12 10 7 108 3 34 37 120
436 9 12 10 3 119 3 43 44 100
437 4 12 10 9 488 4 31 35 170
438 10 12 10 9 587 4 17 21 80
439 4 12 10 9 436 4 24 28 140
440 11 12 10 9 981 4 14 17 60
441 10 12 10 9 768 4 34 37 80
442 4 12 10 9 395 4 10 14 130
443 43 12 10 9 553 4 38 42 800
444 5 12 10 9 994 4 15 19 360
445 12 12 10 3 113 3 5 8 510
446 11 12 10 9 981 4 19 22 60
447 32 12 10 9 250 4 29 33 60
448 29 12 10 9 201 4 43 47 110
449 14 12 10 7 981 4 36 40 120
450 19 12 10 9 344 4 6 9 90
451 30 12 10 8 1139 1 1 1 110
452 6 12 10 9 204 4 28 31 40
453 5 12 10 9 654 4 22 26 400
454 41 16 12 9 482 5 43 47 100
455 43 12 10 9 261 4 38 42 180
456 2 12 10 9 720 4 40 43 710
457 12 12 10 3 144 3 43 47 510
458 1 11 9 8 126 8 36 40 190
459 10 12 10 7 518 4 9 13 50
460 35 12 10 9 1188 4 40 43 250
461 10 12 10 9 372 4 36 40 30
462 11 12 10 9 611 4 19 22 70
463 12 12 10 3 132 3 42 45 130
464 29 12 10 9 185 4 28 31 40
465 4 12 10 9 436 4 27 30 140
466 14 7 5 4 536 6 23 27 80
467 10 12 10 7 518 4 30 34 50
468 35 12 10 9 1135 4 26 29 210
469 10 12 10 9 410 4 23 27 40
470 22 12 10 11 262 3 27 28 60
471 11 12 10 9 981 4 40 43 60
472 12 12 10 3 32 3 28 31 200
473 11 12 10 9 710 4 8 12 80
474 4 12 10 9 395 4 1 7 130
475 32 12 10 9 250 4 37 41 60
476 11 12 10 9 981 4 27 30 60
477 41 16 12 9 480 5 1 7 100
478 11 12 10 9 716 4 22 26 60
479 16 12 10 5 100 3 8 9 640
480 11 12 10 9 537 4 1 5 60
481 2 12 10 9 720 4 33 36 710
482 26 12 10 9 937 4 36 40 300
483 11 12 10 9 710 4 30 34 80
484 6 12 10 10 491 4 40 43 250
485 11 12 10 9 611 4 36 40 70
486 34 12 10 3 47 3 20 23 480
487 19 12 10 9 288 4 41 44 80
488 24 12 10 3 68 3 17 21 1110
489 10 12 10 9 372 4 37 41 30
490 13 12 10 9 231 4 28 31 650
491 43 12 10 9 261 4 34 37 180
492 12 12 10 9 473 3 23 27 390
493 11 12 10 9 611 4 1 6 70
494 11 12 10 3 47 3 29 33 300
495 27 12 10 9 294 4 36 40 80
496 40 7 5 4 626 6 1 7 70
497 18 12 10 7 130 3 37 41 200
498 12 12 10 3 48 3 12 15 220
499 38 12 10 7 304 3 31 35 6510
500 40 12 10 3 160 3 29 33 80
501 10 12 10 7 518 4 12 15 50
502 40 12 10 2 154 3 30 34 210
503 24 12 10 3 31 3 1 7 300
504 14 12 10 8 1609 1 31 35 180
505 42 12 10 9 533 4 20 23 260
506 13 12 10 9 231 4 30 34 650
507 23 12 10 15 254 4 40 43 1040
508 10 12 10 9 410 4 12 15 40
509 10 12 10 7 518 4 33 36 50
510 10 12 10 7 518 4 29 33 50
511 32 12 10 9 250 4 28 31 60
512 3 12 10 8 921 1 10 14 90
513 36 12 10 9 885 4 34 35 260
514 11 12 10 9 537 4 33 36 60
515 33 12 10 4 69 3 42 45 70
516 36 12 10 9 885 4 43 44 260
517 11 12 10 9 981 4 16 20 60
518 24 12 10 3 68 3 24 28 1200
519 12 12 10 9 501 3 8 12 520
520 12 12 10 11 569 3 29 33 500
521 10 12 10 9 372 4 14 17 30
522 13 12 10 11 627 3 33 36 190
523 11 12 10 9 537 4 33 36 60
524 41 16 12 9 503 5 29 33 150
525 12 12 10 3 82 3 7 10 340
526 19 12 10 9 288 4 41 44 70
527 10 12 10 9 410 4 1 5 40
528 14 12 10 8 1609 1 21 24 180
529 41 16 12 9 503 5 6 9 150
530 11 12 10 3 47 3 42 45 300
531 29 12 10 9 185 4 1 5 40
532 36 12 10 9 885 4 36 37 260
533 17 12 10 11 207 3 17 21 530
534 10 12 10 9 410 4 30 34 40
535 34 12 10 9 153 4 36 40 20
536 12 12 10 3 46 3 43 47 400
537 10 12 10 9 372 4 1 5 30
538 11 12 10 9 611 4 27 30 70
539 40 12 10 2 164 3 37 41 210
540 12 12 10 3 46 3 9 13 340
541 12 12 10 3 61 3 33 36 440
542 2 12 10 9 720 4 40 43 710
543 43 12 10 9 261 4 41 44 180
544 26 12 10 9 937 4 27 30 300
545 11 12 10 9 981 4 13 16 60
546 41 16 12 9 482 5 24 28 100
547 10 12 10 9 410 4 26 29 40
548 13 12 10 6 521 3 21 24 410
549 5 12 10 9 994 4 43 47 360
550 4 12 10 9 488 4 38 42 170
551 6 12 10 10 603 4 38 42 340
552 41 16 12 9 482 5 5 8 100
553 11 12 10 9 981 4 33 36 60
554 13 12 10 9 231 4 21 24 650
555 16 12 10 3 51 3 27 28 640
556 16 12 10 3 94 3 24 26 1020
557 12 12 10 3 97 3 16 20 850
558 30 12 10 8 1661 1 43 47 140
559 34 12 10 9 153 4 16 20 20
560 10 12 10 7 518 4 1 5 50
561 5 12 10 9 654 4 8 12 400
562 10 12 10 9 768 4 29 33 80
563 11 12 10 9 716 4 12 15 60
564 35 12 10 8 1708 1 43 47 310
565 33 12 10 7 119 3 21 24 140
566 10 12 10 9 410 4 22 26 40
567 10 12 10 9 372 4 33 36 30
568 13 12 10 9 231 4 5 8 650
569 35 12 10 9 1113 4 40 43 180
570 5 12 10 9 994 4 33 36 360
571 13 12 10 6 521 3 33 36 410
572 12 12 10 9 459 3 14 17 300
573 34 12 10 7 144 3 36 40 180
574 10 12 10 9 768 4 22 26 80
575 14 12 10 8 1938 1 24 28 220
576 19 12 10 9 288 4 34 37 80
577 4 12 10 9 436 4 29 33 140
578 34 12 10 9 153 4 40 43 20
579 4 12 10 9 395 4 41 44 130
580 13 12 10 11 627 3 35 38 190
581 9 12 10 3 84 3 31 33 40
582 4 12 10 9 436 4 41 44 140
583 43 12 10 9 241 4 41 44 60
584 36 12 10 9 885 4 36 37 260
585 14 12 10 8 1485 1 27 30 200
586 11 12 10 9 537 4 34 37 60
587 41 16 12 9 480 5 38 42 100
588 11 12 10 9 710 4 16 20 80
589 16 12 10 3 35 3 31 33 320
590 10 12 10 9 410 4 1 7 40
591 10 12 10 9 372 4 37 41 30
592 16 12 10 11 252 3 38 40 100
593 12 12 10 5 260 3 28 31 260
594 10 12 10 7 518 4 22 26 50
595 33 12 10 4 69 3 34 37 70
596 25 12 10 3 51 7 17 21 6060
597 6 12 10 10 491 4 35 38 250
598 32 12 10 9 250 4 1 1 60
599 43 12 10 9 261 4 27 30 180
600 4 12 10 9 395 4 15 19 130
601 19 12 10 9 344 4 23 27 90
602 43 7 5 4 152 6 6 9 30
603 41 16 12 9 482 5 21 24 100
604 30 12 10 8 1139 1 43 47 110
605 25 12 10 3 29 7 31 35 2020
606 35 12 10 9 1113 4 22 26 180
607 13 12 10 9 231 4 40 43 650
608 17 12 10 11 228 3 31 35 560
609 12 12 10 9 501 3 12 15 390
610 19 12 10 9 344 4 16 20 90
611 29 12 10 9 185 4 23 27 40
612 12 12 10 9 473 3 8 12 390
613 10 12 10 7 518 4 29 33 50
614 11 12 10 9 981 4 1 5 60
615 19 12 10 9 288 4 30 34 70
616 9 12 10 11 294 3 45 47 110
617 26 12 10 9 937 4 27 30 300
618 19 12 10 9 344 4 6 9 90
619 12 12 10 9 473 3 19 22 390
620 12 12 10 7 380 3 16 20 260
621 10 12 10 7 518 4 1 7 50
622 11 12 10 9 537 4 12 15 60
623 11 12 10 9 710 4 21 24 80
624 38 12 10 7 304 3 38 42 5580
625 24 12 10 5 143 3 1 7 3040
626 43 7 5 4 366 6 20 23 50
627 16 12 10 11 260 3 8 9 1300
628 30 12 10 8 1139 1 37 41 110
629 4 12 10 9 488 4 15 19 170
630 10 12 10 9 410 4 29 33 40
631 23 12 10 15 254 4 26 29 1040
632 15 12 10 9 810 4 8 9 250
633 20 12 10 3 41 3 1 7 440
634 12 12 10 7 359 3 26 29 260
635 13 12 10 9 231 4 30 34 650
636 10 12 10 9 768 4 43 47 80
637 41 16 12 9 503 5 28 31 150
638 25 12 10 3 73 7 31 35 13760
639 12 12 10 3 50 3 30 34 170
640 25 12 10 3 36 7 38 42 3440
641 10 12 10 9 372 4 30 34 30
642 30 12 10 8 1214 1 43 47 120
643 12 12 10 3 38 3 8 12 220
644 12 12 10 3 82 3 19 22 550
645 4 12 10 9 395 4 43 47 130
646 14 12 10 8 1781 1 1 1 240
647 24 12 10 3 68 3 1 7 780
648 11 12 10 3 45 3 22 26 340
649 22 12 10 11 262 3 6 7 60
650 40 12 10 6 653 3 29 33 140
651 13 12 10 11 627 3 29 33 190
652 10 12 10 9 372 4 22 26 30
653 12 12 10 7 380 3 43 47 260
654 12 12 10 3 40 3 42 45 220
655 24 12 10 3 68 3 17 21 520
656 10 12 10 9 587 4 27 30 80
657 11 12 10 9 537 4 23 27 60
658 11 12 10 3 33 3 5 8 150
659 19 12 10 9 344 4 27 30 90
660 2 12 10 9 720 4 43 47 710
661 11 12 10 9 537 4 33 36 60
662 40 12 10 3 290 3 20 23 420
663 35 12 10 8 1523 1 33 36 240
664 30 12 10 8 1661 1 37 41 140
665 4 12 10 9 436 4 17 21 140
666 11 12 10 9 981 4 43 47 60
667 5 12 10 9 994 4 36 40 360
668 10 12 10 9 768 4 41 44 80
669 4 12 10 9 488 4 6 9 170
670 11 12 10 9 537 4 33 36 60
671 30 12 10 8 1139 1 34 37 110
672 38 12 10 3 77 3 38 42 12400
673 10 12 10 9 410 4 1 6 40
674 4 12 10 9 436 4 36 40 140
675 11 12 10 3 45 3 1 6 340
676 34 12 10 9 153 4 30 34 20
677 11 12 10 9 981 4 14 17 60
678 30 12 10 8 1661 1 42 45 140
679 43 7 5 4 152 6 31 35 30
680 29 12 10 9 185 4 1 6 40
681 12 12 10 3 82 3 16 20 340
682 9 12 10 3 127 3 6 7 200
683 12 12 10 3 175 3 29 33 850
684 14 7 5 4 536 6 28 31 80
685 14 12 10 7 981 4 27 30 120
686 7 12 10 8 1202 1 19 22 460
687 36 12 10 9 885 4 38 40 260
688 12 12 10 3 48 3 26 29 330
689 14 12 10 7 981 4 42 45 120
690 11 12 10 9 716 4 1 1 60
691 1 12 10 11 149 2 22 26 80
692 42 12 10 9 537 4 20 23 260
693 10 12 10 9 372 4 1 6 30
694 10 12 10 7 518 4 1 6 50
695 43 12 10 9 261 4 20 23 180
696 12 12 10 3 129 3 16 20 100
697 6 12 10 10 491 4 29 33 250
698 11 12 10 9 981 4 8 12 60
699 36 12 10 9 885 4 8 9 260
700 40 12 10 2 36 3 37 41 800
701 43 7 5 4 366 6 36 40 50
702 26 12 10 9 937 4 20 23 300
703 19 12 10 9 288 4 17 21 80
704 10 12 10 9 372 4 10 14 30
705 16 12 10 11 252 3 1 5 100
706 11 12 10 9 537 4 35 38 60
707 18 12 10 10 186 3 26 29 200
708 10 12 10 9 587 4 16 20 80
709 13 12 10 9 231 4 27 30 650
710 43 12 10 9 252 4 24 28 180
711 11 12 10 9 537 4 1 7 60
712 29 12 10 9 185 4 22 26 40
713 21 12 10 10 234 3 5 8 90
714 24 12 10 5 143 3 24 28 1560
715 10 12 10 7 518 4 36 40 50
716 40 7 5 4 626 6 27 30 70
717 12 12 10 3 32 3 42 45 170
718 11 12 10 3 114 3 38 42 130
719 11 12 10 3 47 3 27 30 300
720 11 12 10 9 537 4 22 26 60
721 4 12 10 9 395 4 36 40 130
722 36 12 10 9 885 4 20 21 260
723 11 12 10 9 710 4 16 20 80
724 10 12 10 9 410 4 36 40 40
725 11 12 10 9 537 4 17 21 60
726 29 12 10 9 201 4 34 37 110
727 41 16 12 9 480 5 24 28 100
728 19 12 10 9 344 4 17 21 90
729 4 12 10 9 395 4 27 30 130
730 19 12 10 9 344 4 37 41 90
731 27 12 10 9 294 4 1 7 80
732 40 12 10 3 322 3 29 33 420
733 13 12 10 9 231 4 36 40 650
734 12 12 10 3 29 3 23 27 110
735 11 12 10 9 981 4 38 42 60
736 35 12 10 9 1135 4 33 36 210
737 4 12 10 9 488 4 34 37 170
738 10 12 10 9 768 4 29 33 80
739 35 12 10 8 1523 1 36 40 240
740 9 12 10 5 149 3 22 23 80
741 34 12 10 3 38 3 35 38 160
742 29 12 10 9 201 4 38 42 110
743 16 12 10 3 51 3 38 40 320
744 13 12 10 11 627 3 28 31 190
745 11 12 10 9 981 4 1 1 60
746 11 12 10 9 611 4 17 21 70
747 10 12 10 9 768 4 31 35 80
748 1 12 10 11 149 2 33 36 80
749 10 12 10 9 768 4 21 24 80
750 34 12 10 9 153 4 14 17 20
751 22 12 10 11 262 3 43 44 60
752 12 12 10 3 28 3 23 27 110
753 10 12 10 7 518 4 21 24 50
754 43 12 10 9 241 4 31 35 60
755 4 12 10 9 395 4 31 35 130
756 41 16 12 9 503 5 24 28 150
757 35 12 10 9 1167 4 36 40 270
758 10 12 10 7 518 4 26 29 50
759 40 12 10 3 290 3 27 30 210
760 7 12 10 7 982 4 15 19 320
761 25 12 10 3 84 7 24 28 10100
762 16 12 10 3 41 3 27 28 250
763 11 12 10 9 611 4 35 38 70
764 11 12 10 9 710 4 20 23 80
765 34 12 10 4 63 3 42 45 60
766 11 12 10 9 716 4 16 20 60
767 40 7 5 4 626 6 31 35 70
768 24 12 10 3 43 3 31 35 400
769 11 12 10 9 716 4 43 47 60
770 10 12 10 7 518 4 6 9 50
771 12 12 10 3 66 3 30 34 170
772 10 12 10 9 410 4 6 9 40
773 11 12 10 9 537 4 1 1 60
774 12 12 10 3 32 3 40 43 200
775 35 12 10 8 1663 1 36 40 250
776 19 12 10 9 344 4 13 16 90
777 34 12 10 9 153 4 37 41 20
778 12 12 10 3 82 3 42 45 340
779 19 12 10 9 288 4 1 5 80
780 11 12 10 9 710 4 42 45 80
781 41 16 12 9 503 5 1 5 150
782 5 12 10 9 654 4 33 36 400
783 41 16 12 9 503 5 23 27 150
784 6 12 10 10 491 4 17 17 250
785 25 12 10 3 73 7 1 7 13760
786 12 12 10 7 359 3 14 17 390
787 12 12 10 3 128 3 1 1 1190
788 19 12 10 9 344 4 10 14 90
789 4 12 10 9 436 4 15 19 140
790 11 12 10 9 611 4 41 44 70
791 11 12 10 9 611 4 28 31 70
792 11 12 10 9 710 4 27 30 80
793 38 12 10 3 66 3 17 21 1860
794 19 12 10 9 288 4 23 27 80
795 16 12 10 11 260 3 41 42 1300
796 36 12 10 9 885 4 29 30 260
797 11 12 10 9 716 4 7 10 60
798 24 12 10 5 141 3 10 14 1400
799 35 12 10 9 1330 4 36 40 340
800 12 12 10 3 57 3 37 41 440
801 10 12 10 9 372 4 8 12 30
802 40 7 5 4 626 6 20 23 70
803 40 12 10 3 160 3 43 47 80
804 10 12 10 9 768 4 9 13 80
805 11 12 10 9 611 4 19 22 70
806 38 12 10 3 42 3 1 7 4960
807 14 12 10 8 1781 1 38 42 240
808 4 12 10 9 395 4 20 23 130
809 34 12 10 7 108 3 20 23 120
810 7 12 10 7 982 4 26 29 320
811 31 12 10 9 252 4 22 26 2520
812 12 12 10 7 359 3 15 19 390
813 11 12 10 9 537 4 28 31 60
814 14 12 10 7 981 4 21 24 120
815 4 12 10 9 488 4 17 21 170
816 6 12 10 10 491 4 34 37 250
817 10 12 10 7 518 4 37 41 50
818 10 12 10 9 768 4 20 23 80
819 16 12 10 11 260 3 36 37 1950
820 10 12 10 9 587 4 20 23 80
821 42 12 10 9 533 4 34 37 260
822 6 12 10 10 491 4 14 14 250
823 34 12 10 9 153 4 8 12 20
824 11 12 10 9 981 4 12 15 60
825 27 12 10 9 294 4 1 5 80
826 14 12 10 7 981 4 43 47 120
827 41 16 12 9 482 5 6 9 100
828 12 12 10 7 359 3 37 41 260
829 13 12 10 9 231 4 20 23 650
830 10 12 10 7 518 4 15 19 50
831 19 12 10 9 344 4 24 28 90
832 9 12 10 5 180 3 43 44 160
833 16 12 10 7 163 3 22 23 1300
834 6 12 10 10 491 4 28 31 250
835 43 7 5 4 366 6 29 33 50
836 2 12 10 9 720 4 12 15 710
837 10 12 10 7 518 4 23 27 50
838 40 12 10 6 653 3 34 37 140
839 2 12 10 9 720 4 22 26 710
840 42 12 10 9 695 4 6 9 270
841 14 12 10 8 1938 1 40 43 220
842 14 12 10 7 981 4 1 1 120
843 19 12 10 9 344 4 43 47 90
844 10 12 10 9 410 4 13 16 40
845 11 12 10 9 611 4 33 36 70
846 30 12 10 8 1139 1 5 8 110
847 10 12 10 7 518 4 31 35 50
848 19 12 10 9 288 4 6 9 70
849 16 12 10 7 163 3 45 47 650
850 4 12 10 9 395 4 10 14 130
851 12 12 10 7 380 3 5 8 260
852 11 12 10 9 981 4 38 42 60
853 4 12 10 9 395 4 27 30 130
854 10 12 10 9 768 4 17 21 80
855 11 12 10 9 981 4 37 41 60
856 10 12 10 9 410 4 31 35 40
857 11 12 10 9 981 4 27 30 60
858 10 12 10 7 518 4 22 26 50
859 10 12 10 9 410 4 23 27 40
860 40 7 5 4 626 6 23 27 70
861 16 12 10 3 60 3 29 30 640
862 29 12 10 9 201 4 30 34 110
863 40 12 10 2 164 3 41 44 210
864 10 12 10 9 587 4 14 17 80
865 37 12 10 9 169 4 33 36 30
866 2 12 10 9 720 4 15 19 710
867 32 12 10 9 250 4 42 45 60
868 15 12 10 9 810 4 31 33 250
869 11 12 10 9 537 4 16 20 60
870 18 12 10 4 75 3 1 6 100
871 11 12 10 9 710 4 12 15 80
872 7 12 10 7 982 4 33 36 320
873 31 12 10 9 252 4 40 43 2520
874 2 12 10 9 720 4 5 8 710
875 11 12 10 3 61 3 1 6 450
876 11 12 10 9 611 4 7 10 70
877 36 12 10 9 885 4 45 47 260
878 34 12 10 9 153 4 34 37 20
879 3 12 10 8 921 1 8 12 90
880 14 12 10 8 1485 1 43 47 200
881 4 12 10 9 488 4 22 26 170
882 14 12 10 8 1609 1 36 40 180
883 4 12 10 9 488 4 8 12 170
884 14 7 5 4 536 6 1 1 80
885 16 12 10 7 141 3 6 7 3200
886 11 12 10 9 611 4 23 27 70
887 26 12 10 9 937 4 17 21 300
888 11 12 10 9 537 4 43 47 60
889 10 12 10 7 518 4 19 22 50
890 30 12 10 8 1661 1 1 6 140
891 14 12 10 8 1201 1 21 24 170
892 42 12 10 9 702 4 20 23 220
893 16 12 10 5 100 3 45 47 640
894 11 12 10 9 981 4 34 37 60
895 11 12 10 9 611 4 6 9 70
896 10 12 10 7 518 4 1 6 50
897 25 12 10 3 29 7 24 28 2020
898 4 12 10 9 395 4 29 33 130
899 14 12 10 7 981 4 30 34 120
900 34 12 10 3 66 3 1 6 800
901 19 12 10 9 344 4 30 34 90
902 40 12 10 5 300 3 27 30 160
903 34 12 10 7 144 3 42 45 180
904 11 12 10 9 537 4 1 1 60
905 12 12 10 3 32 3 35 38 200
906 43 12 10 9 553 4 36 40 800
907 10 12 10 7 518 4 13 16 50
908 4 12 10 9 395 4 34 37 130
909 25 12 10 5 64 7 31 35 10500
910 42 12 10 9 718 4 41 44 220
911 10 12 10 7 518 4 15 19 50
912 27 12 10 9 294 4 9 13 80
913 22 12 10 11 262 3 38 40 60
914 41 16 12 9 482 5 22 26 100
915 11 12 10 9 710 4 38 42 80
916 11 12 10 9 716 4 10 14 60
917 30 12 10 8 1139 1 26 29 110
918 43 7 5 4 152 6 41 44 30
919 11 12 10 9 537 4 29 33 60
920 11 12 10 9 716 4 5 8 60
921 10 12 10 9 410 4 15 19 40
922 7 12 10 7 998 4 26 29 350
923 14 7 5 4 536 6 36 40 80
924 11 12 10 9 611 4 31 35 70
925 12 12 10 9 459 3 12 15 300
926 11 12 10 9 981 4 20 23 60
927 34 12 10 3 55 3 34 37 320
928 27 12 10 9 294 4 23 27 80
929 27 12 10 9 294 4 15 19 80
930 3 12 10 8 921 1 22 26 90
931 34 12 10 9 153 4 7 10 20
932 41 16 12 9 482 5 40 43 100
933 16 12 10 11 260 3 45 47 1300
934 9 12 10 3 119 3 38 40 100
935 16 12 10 11 260 3 31 33 1300
936 19 12 10 9 288 4 36 40 80
937 16 12 10 5 100 3 27 28 640
938 12 12 10 3 76 3 29 33 660
939 43 12 10 9 553 4 43 47 800
940 11 12 10 9 981 4 12 15 60
941 11 12 10 9 981 4 16 20 60
942 11 12 10 9 710 4 1 1 80
943 10 12 10 7 518 4 38 42 50
944 27 12 10 9 294 4 41 44 80
945 12 12 10 3 32 3 16 20 170
946 11 12 10 9 611 4 26 29 70
947 19 12 10 9 344 4 1 7 90
948 34 12 10 4 81 3 28 31 90
949 18 12 10 9 195 4 1 1 30
950 36 12 10 9 885 4 1 5 260
951 16 12 10 3 94 3 34 35 1020
952 6 12 10 9 248 4 21 24 50
953 12 12 10 3 113 3 40 43 340
954 12 12 10 3 38 3 28 31 110
955 12 12 10 3 144 3 43 47 510
956 43 12 10 9 241 4 24 28 60
957 11 12 10 9 611 4 37 41 70
958 10 12 10 9 587 4 21 24 80
959 43 12 10 9 261 4 36 40 180
960 11 12 10 9 710 4 5 8 80
961 29 12 10 9 201 4 37 41 110
962 10 12 10 7 518 4 41 44 50
963 41 16 12 9 503 5 33 36 150
964 11 12 10 9 981 4 30 34 60
965 7 12 10 7 998 4 15 19 350
966 16 12 10 5 94 3 36 37 750
967 14 12 10 8 1938 1 1 5 220
968 16 12 10 11 252 3 6 7 100
969 11 12 10 9 981 4 10 14 60
970 6 12 10 10 491 4 5 8 250
971 13 12 10 9 231 4 42 45 650
972 14 12 10 8 1781 1 27 30 240
973 11 12 10 9 981 4 5 8 60
974 6 12 10 10 603 4 42 45 340
975 41 16 12 9 503 5 1 7 150
976 19 12 10 9 288 4 16 20 80
977 40 12 10 4 455 3 34 37 630
978 12 12 10 7 380 3 1 1 390
979 4 12 10 9 395 4 20 23 130
980 12 12 10 3 61 3 7 10 330
981 2 12 10 9 720 4 36 40 710
982 40 7 5 4 626 6 1 5 70
983 11 12 10 9 716 4 12 15 60
984 12 12 10 3 82 3 28 31 340
985 24 12 10 3 68 3 17 21 1140
986 10 12 10 7 518 4 34 37 50
987 24 12 10 3 56 3 31 35 1110
988 30 12 10 8 1661 1 28 31 140
989 10 12 10 9 587 4 22 26 80
990 13 12 10 9 231 4 5 8 650
991 6 12 10 9 204 4 1 7 40
992 19 12 10 9 288 4 37 41 70
993 10 12 10 7 518 4 28 31 50
994 11 12 10 9 716 4 34 37 60
995 10 12 10 9 372 4 15 19 30
996 5 12 10 9 654 4 19 22 400
997 40 12 10 2 164 3 24 28 210
998 24 12 10 3 81 3 10 14 1500
999 43 7 5 4 366 6 27 30 50
1000 14 12 10 8 1201 1 1 1 170
1001 31 12 10 9 255 4 33 36 2490
1002 25 12 10 3 73 7 24 28 13760
1003 30 12 10 8 1139 1 42 45 110
1004 14 12 10 8 1609 1 38 42 180
1005 27 12 10 9 294 4 31 35 80
1006 35 12 10 9 1167 4 33 36 270
1007 29 12 10 9 185 4 1 7 40
1008 43 12 10 9 553 4 20 23 800
1009 43 7 5 4 366 6 10 14 50
1010 15 12 10 9 810 4 41 42 250
1011 24 12 10 3 56 3 24 28 900
1012 6 12 10 10 491 4 36 40 250
1013 11 12 10 9 537 4 19 22 60
1014 16 12 10 9 169 3 31 33 750
1015 41 16 12 9 503 5 26 29 150
1016 11 12 10 9 537 4 24 28 60
1017 12 12 10 9 459 3 7 10 300
1018 40 12 10 6 653 3 36 40 140
1019 19 12 10 9 288 4 8 12 70
1020 1 12 10 11 149 2 26 29 80
1021 13 12 10 11 627 3 36 40 190
1022 23 12 10 15 215 4 29 33 1070
1023 42 12 10 9 695 4 37 41 270
1024 14 12 10 8 1609 1 35 38 180
1025 34 12 10 7 144 3 35 38 90
1026 11 12 10 9 710 4 43 47 80
1027 6 12 10 10 491 4 27 30 250
1028 1 11 9 8 126 8 33 36 190
1029 11 12 10 9 710 4 10 14 80
1030 29 12 10 9 201 4 40 43 110
1031 12 12 10 3 82 3 1 5 660
1032 41 16 12 9 482 5 37 41 100
1033 24 12 10 5 141 3 38 42 1200
1034 32 12 10 9 250 4 43 47 60
1035 11 12 10 9 611 4 40 43 70
1036 22 12 10 11 262 3 1 5 60
1037 14 7 5 4 536 6 43 47 80
1038 4 12 10 9 488 4 36 40 170
1039 7 12 10 7 998 4 19 22 350
1040 19 12 10 9 344 4 9 13 90
1041 25 12 10 6 247 3 38 42 300
1042 35 12 10 9 1113 4 19 22 180
1043 10 12 10 9 410 4 28 31 40
1044 4 12 10 9 436 4 31 35 140
1045 11 12 10 9 716 4 38 42 60
1046 13 12 10 6 521 3 24 28 410
1047 13 12 10 9 231 4 34 37 650
1048 12 12 10 3 128 3 5 8 510
1049 34 12 10 9 153 4 38 42 20
1050 14 12 10 8 1500 1 42 45 180
1051 43 7 5 4 366 6 43 47 50
1052 26 12 10 9 937 4 43 47 300
1053 11 12 10 9 710 4 5 8 80
1054 6 12 10 10 491 4 42 45 250
1055 42 12 10 9 715 4 23 27 270
1056 43 12 10 9 252 4 22 26 180
1057 35 12 10 9 1113 4 36 40 180
1058 12 12 10 3 46 3 14 17 340
1059 40 12 10 6 653 3 20 23 140
1060 24 12 10 3 81 3 1 7 1500
1061 11 12 10 9 611 4 30 34 70
1062 16 12 10 5 94 3 8 9 500
1063 41 16 12 9 503 5 41 44 150
1064 4 12 10 9 395 4 17 21 130
1065 10 12 10 9 587 4 10 14 80
1066 24 12 10 5 143 3 31 35 1560
1067 40 7 5 4 626 6 17 21 70
1068 13 12 10 11 627 3 42 45 190
1069 11 12 10 9 611 4 8 12 70
1070 40 12 10 2 154 3 43 47 210
1071 6 12 10 10 491 4 20 23 250
1072 34 12 10 7 108 3 1 5 120
1073 16 12 10 3 94 3 41 42 1020
1074 10 12 10 7 518 4 24 28 50
1075 4 12 10 9 488 4 29 33 170
1076 16 12 10 9 169 3 41 42 750
1077 11 12 10 9 611 4 9 13 70
1078 22 12 10 11 262 3 29 30 60
1079 11 12 10 9 710 4 1 1 80
1080 40 12 10 3 160 3 38 42 80
1081 18 12 10 10 186 3 23 27 200
1082 11 12 10 9 981 4 40 43 60
1083 11 12 10 3 114 3 21 24 130
1084 16 12 10 11 252 3 43 44 100
1085 16 12 10 3 51 3 41 42 320
1086 16 12 10 3 67 3 1 5 650
1087 12 12 10 3 48 3 33 36 330
1088 10 12 10 9 410 4 24 28 40
1089 14 7 5 4 536 6 5 8 80
1090 11 12 10 9 537 4 20 23 60
1091 5 12 10 9 720 4 40 43 710
1092 11 12 10 9 981 4 30 34 60
1093 43 7 5 4 152 6 1 7 30
1094 10 12 10 9 410 4 35 38 40
1095 19 12 10 9 344 4 31 35 90
1096 18 12 10 10 186 3 33 36 200
1097 16 12 10 7 131 3 43 44 750
1098 36 12 10 9 885 4 24 26 260
1099 11 12 10 9 981 4 42 45 60
1100 36 12 10 9 885 4 17 19 260
1101 26 12 10 9 937 4 10 14 300
1102 11 12 10 9 981 4 16 20 60
1103 40 12 10 3 290 3 29 33 420
1104 4 12 10 9 488 4 20 23 170
1105 40 12 10 5 300 3 20 23 160
1106 11 12 10 9 981 4 40 43 60
1107 36 12 10 9 885 4 34 35 260
1108 26 12 10 9 937 4 34 37 300
1109 41 16 12 9 503 5 31 35 150
1110 10 12 10 9 768 4 12 15 80
1111 11 12 10 9 537 4 36 40 60
1112 42 12 10 9 537 4 27 30 260
1113 19 12 10 9 344 4 38 42 90
1114 19 12 10 9 288 4 29 33 80
1115 12 12 10 3 128 3 1 1 1190
1116 29 12 10 9 201 4 7 10 110
1117 13 12 10 9 231 4 1 1 650
1118 41 16 12 9 482 5 30 34 100
1119 14 12 10 8 1485 1 1 5 200
1120 10 12 10 7 518 4 35 38 50
1121 26 12 10 9 937 4 12 12 300
1122 14 12 10 8 1485 1 21 24 200
1123 5 12 10 9 654 4 15 19 400
1124 11 12 10 9 537 4 1 6 60
1125 42 12 10 9 695 4 30 34 270
1126 34 12 10 7 144 3 29 33 180
1127 9 12 10 3 119 3 24 26 100
1128 43 12 10 9 553 4 27 30 800
1129 29 12 10 9 185 4 24 28 40
1130 11 12 10 9 710 4 34 37 80
1131 1 12 10 11 149 2 19 22 80
1132 11 12 10 9 611 4 14 17 70
1133 43 7 5 4 152 6 15 19 30
1134 13 12 10 9 231 4 43 47 650
1135 11 12 10 9 981 4 7 10 60
1136 43 12 10 9 252 4 6 9 180
1137 14 12 10 7 981 4 38 42 120
1138 10 12 10 9 587 4 43 47 80
1139 11 12 10 9 537 4 13 16 60
1140 5 12 10 9 994 4 29 33 360
1141 41 16 12 9 480 5 22 26 100
1142 12 12 10 7 359 3 12 15 390
1143 11 12 10 9 537 4 41 44 60
1144 9 12 10 11 294 3 6 7 110
1145 6 12 10 9 248 4 1 7 50
1146 10 12 10 9 587 4 26 29 80
1147 36 12 10 9 885 4 31 33 260
1148 6 12 10 9 248 4 22 26 50
1149 34 12 10 3 47 3 1 5 480
1150 11 12 10 9 981 4 36 40 60
1151 30 12 10 8 1139 1 29 33 110
1152 17 12 10 7 117 3 38 42 720
1153 11 12 10 9 537 4 26 29 60
1154 12 12 10 3 46 3 7 10 340
1155 11 12 10 9 611 4 1 5 70
1156 12 12 10 7 380 3 14 17 260
1157 10 12 10 9 587 4 34 37 80
1158 12 12 10 3 144 3 21 24 680
1159 12 12 10 3 129 3 29 33 100
1160 2 12 10 9 720 4 8 12 710
1161 25 12 10 3 36 7 24 28 3440
1162 27 12 10 9 294 4 17 21 80
1163 12 12 10 3 32 3 40 43 170
1164 11 12 10 9 537 4 19 22 60
1165 41 16 12 9 480 5 37 41 100
1166 16 12 10 11 260 3 43 44 1950
1167 11 12 10 9 611 4 43 47 70
1168 4 12 10 9 395 4 38 42 130
1169 26 12 10 9 937 4 24 28 300
1170 11 12 10 9 537 4 31 35 60
1171 10 12 10 7 518 4 16 20 50
1172 29 12 10 9 201 4 21 24 110
1173 10 12 10 9 768 4 36 40 80
1174 11 12 10 9 716 4 9 13 60
1175 4 12 10 9 488 4 34 37 170
1176 29 12 10 9 185 4 41 44 40
1177 10 12 10 9 372 4 30 34 30
1178 34 12 10 9 153 4 43 47 20
1179 11 12 10 9 710 4 14 17 80
1180 42 12 10 9 533 4 41 44 260
1181 10 12 10 9 768 4 19 22 80
1182 6 12 10 10 491 4 21 24 250
1183 14 7 5 4 536 6 21 24 80
1184 10 12 10 9 372 4 19 22 30
1185 5 12 10 9 654 4 26 29 400
1186 12 12 10 3 82 3 28 31 340
1187 12 12 10 3 175 3 8 12 1700
1188 3 12 10 8 921 1 34 37 90
1189 19 12 10 9 288 4 20 23 80
1190 11 12 10 9 716 4 26 29 60
1191 24 12 10 5 143 3 10 14 2220
1192 43 12 10 9 252 4 43 47 180
1193 11 12 10 9 710 4 17 21 80
1194 12 12 10 3 51 3 15 19 330
1195 34 12 10 9 153 4 1 1 20
1196 12 12 10 3 60 3 29 33 510
1197 14 12 10 7 981 4 29 33 120
1198 29 12 10 9 201 4 27 30 110
1199 16 12 10 7 141 3 1 5 3200
1200 11 12 10 3 32 3 42 45 170
1201 11 12 10 9 537 4 9 13 60
1202 7 12 10 7 998 4 43 47 350
1203 13 12 10 9 231 4 1 1 650
1204 43 7 5 4 152 6 24 28 30
1205 40 12 10 5 300 3 1 5 160
1206 34 12 10 9 153 4 1 5 20
1207 35 12 10 9 1167 4 29 33 270
1208 24 12 10 5 141 3 17 21 1000
1209 16 12 10 3 41 3 24 26 250
1210 10 12 10 9 372 4 36 40 30
1211 5 12 10 9 994 4 43 47 360
1212 2 12 10 9 720 4 36 40 710
1213 9 12 10 3 119 3 45 47 100
1214 10 12 10 9 410 4 21 24 40
1215 10 12 10 9 410 4 16 20 40
1216 36 12 10 9 885 4 20 21 260
1217 41 16 12 9 503 5 27 30 150
1218 34 12 10 3 55 3 36 40 320
1219 11 12 10 9 537 4 42 45 60
1220 30 12 10 8 1139 1 20 23 110
1221 34 12 10 7 108 3 1 6 120
1222 22 12 10 11 262 3 24 26 60
1223 13 12 10 11 627 3 6 9 190
1224 40 12 10 7 441 3 15 19 240
1225 4 12 10 9 488 4 24 28 170
1226 31 12 10 9 255 4 36 40 2490
1227 11 12 10 9 710 4 29 33 80
1228 4 12 10 9 488 4 38 42 170
1229 7 12 10 8 1202 1 22 26 460
1230 19 12 10 9 344 4 13 16 90
1231 10 12 10 9 768 4 1 6 80
1232 26 12 10 9 937 4 20 23 300
1233 10 12 10 7 518 4 10 14 50
1234 35 12 10 9 1754 4 43 47 320
1235 41 16 12 9 482 5 28 31 100
1236 10 12 10 7 518 4 7 10 50
1237 22 12 10 11 262 3 8 9 60
1238 11 12 10 9 716 4 37 41 60
1239 36 12 10 9 885 4 6 7 260
1240 6 12 10 9 204 4 38 42 40
1241 25 12 10 5 64 7 38 42 10500
1242 11 12 10 9 537 4 6 9 60
1243 24 12 10 3 56 3 24 28 1110
1244 11 12 10 9 537 4 30 34 60
1245 20 12 10 3 75 3 1 7 660
1246 43 12 10 9 553 4 17 21 800
1247 11 12 10 9 981 4 43 47 60
1248 10 12 10 9 768 4 8 12 80
1249 36 12 10 9 885 4 43 44 260
1250 6 12 10 9 204 4 1 1 40
1251 10 12 10 7 518 4 16 20 50
1252 19 12 10 9 344 4 41 44 90
1253 19 12 10 9 288 4 43 47 70
1254 42 12 10 9 533 4 30 34 260
1255 11 12 10 9 611 4 1 5 70
1256 16 12 10 5 100 3 36 37 960
1257 19 12 10 9 288 4 15 19 80
1258 10 12 10 7 518 4 35 38 50
1259 13 12 10 11 627 3 43 47 190
1260 12 12 10 3 48 3 14 17 220
1261 40 12 10 3 322 3 20 23 210
1262 12 12 10 3 82 3 42 45 340
1263 24 12 10 5 143 3 10 14 1560
1264 43 12 10 9 261 4 17 21 180
1265 43 12 10 9 241 4 38 42 60
1266 10 12 10 9 372 4 13 16 30
1267 13 12 10 9 231 4 23 27 650
1268 14 12 10 8 1609 1 22 26 180
1269 17 12 10 11 228 3 24 28 560
1270 40 12 10 3 160 3 41 44 80
1271 32 12 10 9 250 4 30 34 60
1272 11 12 10 9 716 4 15 19 60
1273 12 12 10 3 32 3 12 15 200
1274 11 12 10 9 981 4 19 22 60
1275 4 12 10 9 436 4 1 7 140
1276 16 12 10 11 252 3 31 33 100
1277 19 12 10 9 344 4 27 30 90
1278 2 12 10 9 720 4 19 22 710
1279 17 12 10 11 228 3 38 42 560
1280 2 12 10 9 720 4 8 12 710
1281 19 12 10 9 288 4 1 5 70
1282 14 12 10 7 981 4 40 43 120
1283 32 12 10 9 250 4 5 8 60
1284 10 12 10 7 518 4 21 24 50
1285 11 12 10 9 981 4 8 12 60
1286 34 12 10 9 153 4 12 15 20
1287 19 12 10 9 288 4 38 42 70
1288 11 12 10 3 109 3 21 24 260
1289 35 12 10 8 1708 1 29 33 310
1290 10 12 10 9 587 4 37 41 80
1291 4 12 10 9 488 4 27 30 170
1292 10 12 10 9 410 4 1 6 40
1293 26 12 10 9 937 4 31 35 300
1294 12 12 10 11 569 3 21 24 400
1295 6 12 10 10 491 4 22 26 250
1296 11 12 10 9 537 4 36 40 60
1297 30 12 10 8 1661 1 1 1 140
1298 41 16 12 9 503 5 30 34 150
1299 11 12 10 9 710 4 40 43 80
1300 10 12 10 9 410 4 9 13 40
1301 10 12 10 7 518 4 1 6 50
1302 11 12 10 9 981 4 37 41 60
1303 4 12 10 9 488 4 1 7 170
1304 11 12 10 9 611 4 6 9 70
1305 24 12 10 3 81 3 17 21 1520
1306 10 12 10 7 518 4 9 13 50
1307 11 12 10 9 981 4 6 9 60
1308 24 12 10 3 81 3 31 35 1520
1309 16 12 10 3 35 3 45 47 320
1310 11 12 10 9 710 4 13 16 80
1311 19 12 10 9 288 4 23 27 70
1312 12 12 10 3 35 3 9 13 170
1313 40 7 5 4 626 6 36 40 70
1314 19 12 10 9 344 4 30 34 90
1315 41 16 12 9 503 5 21 24 150
1316 12 12 10 3 32 3 26 29 200
1317 41 16 12 9 482 5 29 33 100
1318 14 12 10 8 1609 1 24 28 180
1319 16 12 10 3 26 3 22 23 250
1320 12 12 10 5 246 3 28 31 260
1321 10 12 10 9 587 4 40 43 80
1322 6 12 10 9 248 4 43 47 50
1323 11 12 10 9 981 4 41 44 60
1324 11 12 10 9 537 4 40 43 60
1325 34 12 10 7 144 3 23 27 180
1326 4 12 10 9 436 4 24 28 140
1327 10 12 10 7 518 4 33 36 50
1328 5 12 10 9 654 4 40 43 400
1329 4 12 10 9 395 4 29 33 130
1330 24 12 10 3 81 3 38 42 1040
1331 40 12 10 3 160 3 10 14 80
1332 16 12 10 7 141 3 38 40 960
1333 42 12 10 9 715 4 41 44 270
1334 40 12 10 3 290 3 1 5 420
1335 43 7 5 4 152 6 38 42 30
1336 4 12 10 9 488 4 10 14 170
1337 12 12 10 3 48 3 9 13 330
1338 10 12 10 9 372 4 22 26 30
1339 35 12 10 8 1708 1 26 29 310
1340 10 12 10 9 410 4 33 36 40
1341 11 12 10 9 716 4 9 13 60
1342 12 12 10 3 29 3 36 40 110
1343 20 12 10 3 52 3 24 28 220
1344 27 12 10 9 294 4 13 16 80
1345 14 12 10 8 1609 1 23 27 180
1346 29 12 10 9 185 4 36 40 40
1347 14 12 10 7 981 4 28 31 120
1348 40 12 10 3 310 3 30 34 420
1349 19 12 10 9 344 4 10 14 90
1350 11 12 10 9 981 4 19 22 60
1351 43 7 5 4 366 6 22 26 50
1352 26 12 10 9 937 4 38 42 300
1353 42 12 10 9 537 4 34 37 260
1354 12 12 10 3 160 3 37 41 680
1355 4 12 10 9 436 4 34 37 140
1356 11 12 10 9 710 4 33 36 80
1357 11 12 10 9 716 4 40 43 60
1358 41 16 12 9 503 5 5 8 150
1359 13 12 10 11 627 3 37 41 190
1360 11 12 10 9 537 4 37 41 60
1361 12 12 10 3 46 3 19 22 400
1362 10 12 10 9 410 4 20 23 40
1363 35 12 10 9 1167 4 26 29 270
1364 11 12 10 9 611 4 12 15 70
1365 10 12 10 9 372 4 17 21 30
1366 12 12 10 3 38 3 42 45 220
1367 12 12 10 11 569 3 19 22 400
1368 1 12 10 11 149 2 36 40 80
1369 16 12 10 3 56 3 22 23 500
1370 30 12 10 8 1139 1 31 35 110
1371 4 12 10 9 436 4 43 47 140
1372 29 12 10 9 201 4 41 44 110
1373 40 12 10 4 425 3 34 37 630
1374 26 12 10 9 937 4 15 19 300
1375 16 12 10 3 35 3 1 5 320
1376 32 12 10 9 250 4 36 40 60
1377 10 12 10 7 518 4 29 33 50
1378 11 12 10 9 981 4 31 35 60
1379 7 12 10 7 998 4 12 15 350
1380 25 12 10 3 37 7 17 21 6300
1381 26 12 10 9 937 4 36 40 300
1382 14 12 10 8 1500 1 35 38 180
1383 11 12 10 9 981 4 26 29 60
1384 12 12 10 11 569 3 5 8 300
1385 10 12 10 7 518 4 8 12 50
1386 10 12 10 7 518 4 27 30 50
1387 35 12 10 9 1167 4 19 22 270
1388 10 12 10 9 410 4 29 33 40
1389 34 12 10 4 63 3 37 41 60
1390 12 12 10 3 46 3 22 26 400
1391 29 12 10 9 201 4 22 26 110
1392 10 12 10 7 518 4 20 23 50
1393 43 12 10 9 241 4 34 37 60
1394 6 12 10 9 248 4 42 45 50
1395 10 12 10 9 768 4 7 10 80
1396 4 12 10 9 436 4 22 26 140
1397 5 12 10 9 994 4 36 40 360
1398 40 12 10 5 300 3 34 37 160
1399 12 12 10 7 380 3 40 43 260
1400 11 12 10 9 981 4 35 38 60
1401 10 12 10 9 768 4 30 34 80
1402 5 12 10 9 720 4 12 15 710
1403 13 12 10 9 231 4 38 42 650
1404 6 12 10 10 491 4 12 12 250
1405 38 12 10 3 114 3 17 21 2790
1406 21 12 10 10 234 3 40 43 90
1407 24 12 10 3 44 3 38 42 740
1408 10 12 10 9 768 4 5 8 80
1409 11 12 10 9 611 4 1 1 70
1410 5 12 10 9 720 4 12 15 710
1411 12 12 10 3 32 3 43 47 170
1412 3 12 10 8 921 1 38 42 90
1413 41 16 12 9 480 5 42 45 100
1414 11 12 10 9 716 4 40 43 60
1415 30 12 10 8 1139 1 21 24 110
1416 12 12 10 3 40 3 28 31 220
1417 40 12 10 6 653 3 1 7 140
1418 1 11 9 8 126 8 26 29 190
1419 15 12 10 9 810 4 27 28 250
1420 21 12 10 10 234 3 1 6 90
1421 14 12 10 8 1609 1 1 1 180
1422 11 12 10 9 981 4 12 15 60
1423 40 7 5 4 626 6 38 42 70
1424 6 12 10 10 491 4 1 7 250
1425 40 12 10 3 310 3 27 30 420
1426 11 12 10 9 537 4 15 19 60
1427 10 12 10 9 587 4 38 42 80
1428 43 7 5 4 152 6 36 40 30
1429 19 12 10 9 344 4 17 21 90
1430 17 12 10 11 207 3 38 42 530
1431 38 12 10 5 209 3 1 7 10230
1432 11 12 10 9 611 4 38 42 70
1433 10 12 10 9 372 4 1 7 30
1434 14 12 10 8 1938 1 5 8 220
1435 43 12 10 9 252 4 38 42 180
1436 11 12 10 9 981 4 1 1 60
1437 19 12 10 9 288 4 24 28 70
1438 11 12 10 9 611 4 15 19 70
1439 19 12 10 9 288 4 43 47 80
1440 25 12 10 3 29 7 38 42 2020
1441 10 12 10 7 518 4 5 8 50
1442 40 12 10 3 322 3 1 5 420
1443 11 12 10 9 716 4 17 21 60
1444 42 12 10 9 718 4 20 23 220
1445 30 12 10 8 1661 1 1 5 140
1446 42 12 10 9 702 4 34 37 220
1447 11 12 10 9 710 4 40 43 80
1448 10 12 10 9 410 4 5 8 40
1449 5 12 10 9 994 4 15 19 360
1450 11 12 10 9 611 4 20 23 70
1451 16 12 10 3 27 3 6 7 320
1452 34 12 10 3 55 3 42 45 320
1453 10 12 10 7 518 4 30 34 50
1454 30 12 10 8 1139 1 1 6 110
1455 40 12 10 2 154 3 38 42 210
1456 42 12 10 9 718 4 37 41 220
1457 11 12 10 3 32 3 5 8 170
1458 18 12 10 7 130 3 30 34 200
1459 25 12 10 3 84 7 31 35 8080
1460 16 12 10 7 141 3 31 33 960
1461 13 12 10 6 521 3 29 33 410
1462 10 12 10 9 587 4 8 12 80
1463 11 12 10 9 611 4 31 35 70
1464 42 12 10 9 537 4 30 34 260
1465 32 12 10 9 250 4 21 24 60
1466 38 12 10 3 65 3 24 28 9920
1467 24 12 10 5 143 3 10 14 2280
1468 29 12 10 9 185 4 21 24 40
1469 12 12 10 3 72 3 37 41 440
1470 40 12 10 2 154 3 37 41 210
1471 14 12 10 7 981 4 37 41 120
1472 6 12 10 9 204 4 35 38 40
1473 40 12 10 6 653 3 41 44 140
1474 25 12 10 6 247 3 24 28 300
1475 4 12 10 9 436 4 41 44 140
1476 10 12 10 9 372 4 21 24 30
1477 10 12 10 7 518 4 1 5 50
1478 11 12 10 9 716 4 37 41 60
1479 24 12 10 5 143 3 1 7 2960
1480 36 12 10 9 885 4 27 28 260
1481 43 12 10 9 261 4 1 7 180
1482 23 12 10 15 215 4 33 36 1070
1483 21 12 10 10 234 3 33 36 90
1484 32 12 10 9 250 4 35 38 60
1485 19 12 10 9 344 4 8 12 90
1486 32 12 10 9 250 4 7 10 60
1487 34 12 10 3 28 3 30 34 160
1488 30 12 10 8 1214 1 31 35 120
1489 12 12 10 3 32 3 5 8 170
1490 29 12 10 9 185 4 35 38 40
1491 1 11 9 8 126 8 29 33 190
1492 11 12 10 9 716 4 14 17 60
1493 6 12 10 10 491 4 41 44 250
1494 29 12 10 9 201 4 1 6 110
1495 9 12 10 3 119 3 36 37 100
1496 11 12 10 9 716 4 42 45 60
1497 14 12 10 8 1485 1 38 42 200
1498 4 12 10 9 395 4 31 35 130
1499 12 12 10 11 569 3 8 12 500
1500 10 12 10 9 372 4 7 10 30
1501 10 12 10 9 372 4 35 38 30
1502 11 12 10 9 611 4 26 29 70
1503 11 12 10 9 981 4 23 27 60
1504 7 12 10 8 1202 1 12 15 460
1505 43 7 5 4 366 6 17 21 50
1506 12 12 10 9 501 3 29 33 390
1507 27 12 10 9 294 4 37 41 80
1508 40 7 5 4 626 6 34 37 70
1509 34 12 10 9 153 4 42 45 20
1510 34 12 10 9 153 4 6 9 20
1511 10 12 10 9 768 4 27 30 80
1512 35 12 10 8 1708 1 36 40 310
1513 29 12 10 9 201 4 1 7 110
1514 36 12 10 9 885 4 15 16 260
1515 31 12 10 9 252 4 19 22 2520
1516 34 12 10 9 153 4 24 28 20
1517 33 12 10 7 119 3 1 5 140
1518 12 12 10 3 29 3 16 20 110
1519 41 16 12 9 503 5 36 40 150
1520 30 12 10 8 1139 1 40 43 110
1521 41 16 12 9 480 5 43 47 100
1522 19 12 10 9 288 4 31 35 70
1523 19 12 10 9 344 4 22 26 90
1524 7 12 10 7 982 4 36 40 320
1525 40 12 10 2 164 3 30 34 210
1526 19 12 10 9 344 4 22 26 90
1527 11 12 10 9 611 4 34 37 70
1528 11 12 10 9 981 4 34 37 60
1529 29 12 10 9 201 4 36 40 110
1530 34 12 10 3 38 3 28 31 160
1531 41 16 12 9 503 5 1 6 150
1532 30 12 10 8 1139 1 41 44 110
1533 24 12 10 3 81 3 1 7 1040
1534 5 12 10 9 994 4 26 29 360
1535 12 12 10 3 97 3 7 10 510
1536 11 12 10 9 537 4 21 24 60
1537 7 12 10 7 982 4 19 22 320
1538 18 12 10 4 75 3 26 29 100
1539 41 16 12 9 482 5 26 29 100
1540 11 12 10 9 981 4 12 15 60
1541 41 16 12 9 482 5 1 7 100
1542 5 12 10 9 654 4 29 33 400
1543 13 12 10 9 231 4 7 10 650
1544 35 12 10 8 1708 1 19 22 310
1545 30 12 10 8 1139 1 27 30 110
1546 9 12 10 3 92 3 43 44 140
1547 13 12 10 9 231 4 35 38 650
1548 13 12 10 6 521 3 40 43 410
1549 26 12 10 9 937 4 43 47 300
1550 26 12 10 9 937 4 29 33 300
1551 34 12 10 10 206 3 1 6 270
1552 16 12 10 5 115 3 43 44 650
1553 10 12 10 9 372 4 29 33 30
1554 4 12 10 9 488 4 43 47 170
1555 41 16 12 9 482 5 1 6 100
1556 11 12 10 9 611 4 42 45 70
1557 14 12 10 7 981 4 1 6 120
1558 35 12 10 9 1113 4 43 47 180
1559 10 12 10 9 768 4 16 20 80
1560 10 12 10 9 768 4 13 16 80
1561 10 12 10 7 518 4 36 40 50
1562 11 12 10 9 981 4 21 24 60
1563 12 12 10 7 359 3 7 10 390
1564 11 12 10 9 981 4 15 19 60
1565 4 12 10 9 488 4 41 44 170
1566 13 12 10 9 231 4 37 41 650
1567 10 12 10 7 518 4 12 15 50
1568 36 12 10 9 885 4 24 26 260
1569 11 12 10 9 981 4 20 23 60
1570 6 12 10 9 248 4 37 41 50
1571 10 12 10 7 518 4 30 34 50
1572 40 12 10 2 154 3 20 23 210
1573 13 12 10 11 627 3 1 5 190
1574 1 11 9 8 126 8 43 47 190
1575 31 12 10 9 252 4 36 40 2520
1576 11 12 10 9 981 4 30 34 60
1577 11 12 10 9 611 4 24 28 70
1578 40 12 10 6 653 3 30 34 140
1579 43 12 10 9 252 4 34 37 180
1580 4 12 10 9 436 4 10 14 140
1581 17 12 10 4 68 3 17 21 360
1582 36 12 10 9 885 4 13 14 260
1583 40 12 10 4 473 3 22 26 630
1584 35 12 10 9 1113 4 33 36 180
1585 27 12 10 9 294 4 1 6 80
1586 16 12 10 3 35 3 34 35 320
1587 6 12 10 10 491 4 30 34 250
1588 42 12 10 9 695 4 34 37 270
1589 11 12 10 9 716 4 28 31 60
1590 4 12 10 9 395 4 17 21 130
1591 24 12 10 3 81 3 38 42 1480
1592 6 12 10 10 603 4 40 43 340
1593 12 12 10 3 97 3 14 17 510
1594 40 7 5 4 626 6 41 44 70
1595 4 12 10 9 436 4 36 40 140
1596 10 12 10 9 587 4 30 34 80
1597 43 7 5 4 152 6 8 12 30
1598 26 12 10 9 937 4 13 16 300
1599 14 12 10 7 981 4 22 26 120
1600 25 12 10 5 64 7 24 28 12600
1601 13 12 10 11 627 3 40 43 190
1602 11 12 10 9 981 4 24 28 60
1603 19 12 10 9 344 4 20 23 90
1604 11 12 10 3 32 3 28 31 170
1605 10 12 10 9 372 4 1 6 30
1606 10 12 10 9 410 4 19 22 40
1607 10 12 10 9 372 4 27 30 30
1608 9 12 10 11 294 3 38 40 110
1609 12 12 10 3 132 3 16 20 130
1610 11 12 10 9 611 4 42 45 70
1611 27 12 10 9 294 4 22 26 80
1612 14 12 10 8 1201 1 42 45 170
1613 6 12 10 9 248 4 41 44 50
1614 4 12 10 9 395 4 24 28 130
1615 12 12 10 3 160 3 29 33 680
1616 40 7 5 4 626 6 24 28 70
1617 16 12 10 7 131 3 24 26 750
1618 13 12 10 9 231 4 23 27 650
1619 5 12 10 9 994 4 12 15 360
1620 12 12 10 3 128 3 35 38 510
1621 11 12 10 9 981 4 42 45 60
1622 10 12 10 9 768 4 35 38 80
1623 36 12 10 9 885 4 41 42 260
1624 42 12 10 9 533 4 27 30 260
1625 10 12 10 9 410 4 17 21 40
1626 12 12 10 3 28 3 36 40 110
1627 9 12 10 5 149 3 24 26 80
1628 11 12 10 9 611 4 15 19 70
1629 10 12 10 7 518 4 23 27 50
1630 41 16 12 9 480 5 31 35 100
1631 13 12 10 6 521 3 1 5 410
1632 42 12 10 9 533 4 1 6 260
1633 11 12 10 3 109 3 1 6 260
1634 19 12 10 9 344 4 16 20 90
1635 9 12 10 3 92 3 24 26 140
1636 10 12 10 9 372 4 23 27 30
1637 11 12 10 9 716 4 20 23 60
1638 11 12 10 9 537 4 23 27 60
1639 30 12 10 8 1139 1 30 34 110
1640 11 12 10 3 33 3 34 37 150
1641 10 12 10 9 410 4 37 41 40
1642 11 12 10 9 611 4 1 1 70
1643 42 12 10 9 702 4 41 44 220
1644 11 12 10 9 710 4 22 26 80
1645 14 12 10 8 1201 1 36 40 170
1646 20 12 10 3 41 3 38 42 220
1647 19 12 10 9 344 4 36 40 90
1648 16 12 10 11 252 3 24 26 100
1649 12 12 10 11 569 3 35 38 300
1650 10 12 10 9 372 4 8 12 30
1651 7 12 10 7 998 4 40 43 350
1652 4 12 10 9 436 4 27 30 140
1653 4 12 10 9 436 4 6 9 140
1654 19 12 10 9 288 4 15 19 70
1655 19 12 10 9 344 4 29 33 90
1656 32 12 10 9 250 4 22 26 60
1657 10 12 10 9 768 4 10 14 80
1658 6 12 10 10 491 4 33 36 250
1659 11 12 10 9 710 4 37 41 80
1660 4 12 10 9 395 4 34 37 130
1661 14 12 10 8 1609 1 1 7 180
1662 34 12 10 3 55 3 23 27 320
1663 43 12 10 9 261 4 31 35 180
1664 14 12 10 7 981 4 20 23 120
1665 40 12 10 3 310 3 22 26 420
1666 42 12 10 9 715 4 1 6 270
1667 35 12 10 9 1167 4 40 43 270
1668 10 12 10 7 518 4 37 41 50
1669 10 12 10 9 372 4 16 20 30
1670 27 12 10 9 294 4 6 9 80
1671 11 12 10 9 537 4 38 42 60
1672 6 12 10 10 491 4 15 15 250
1673 11 12 10 9 710 4 37 41 80
1674 4 12 10 9 395 4 43 47 130
1675 27 12 10 9 294 4 20 23 80
1676 15 12 10 9 810 4 43 44 250
1677 14 12 10 7 981 4 6 9 120
1678 41 16 12 9 503 5 22 26 150
1679 16 12 10 7 141 3 34 35 960
1680 16 12 10 11 260 3 27 28 1300
1681 13 12 10 11 627 3 23 27 190
1682 19 12 10 9 288 4 34 37 70
1683 42 12 10 9 715 4 27 30 270
1684 11 12 10 9 981 4 30 34 60
1685 29 12 10 9 201 4 5 8 110
1686 12 12 10 3 113 3 15 19 1020
1687 31 12 10 9 252 4 5 8 2520
1688 12 12 10 9 501 3 37 41 390
1689 34 12 10 9 153 4 20 23 20
1690 34 12 10 3 47 3 23 27 480
1691 12 12 10 9 459 3 16 20 200
1692 10 12 10 9 768 4 1 7 80
1693 24 12 10 3 81 3 31 35 1480
1694 27 12 10 9 294 4 29 33 80
1695 29 12 10 9 185 4 30 34 40
1696 12 12 10 3 32 3 1 5 170
1697 35 12 10 8 1663 1 33 36 250
1698 10 12 10 9 587 4 12 15 80
1699 19 12 10 9 288 4 31 35 80
1700 10 12 10 7 518 4 17 21 50
1701 11 12 10 9 537 4 7 10 60
1702 5 12 10 9 994 4 19 22 360
1703 10 12 10 7 518 4 22 26 50
1704 11 12 10 9 981 4 23 27 60
1705 12 12 10 3 175 3 33 36 680
1706 11 12 10 9 611 4 24 28 70
1707 3 12 10 8 921 1 24 28 90
1708 41 16 12 9 503 5 35 38 150
1709 25 12 10 3 73 7 38 42 13760
1710 11 12 10 9 710 4 28 31 80
1711 21 12 10 10 234 3 26 29 90
1712 24 12 10 3 44 3 24 28 520
1713 15 12 10 9 810 4 36 37 250
1714 11 12 10 9 716 4 6 9 60
1715 14 12 10 8 1609 1 1 5 180
1716 4 12 10 9 488 4 41 44 170
1717 12 12 10 11 621 3 19 22 520
1718 42 12 10 9 537 4 23 27 260
1719 14 7 5 4 536 6 30 34 80
1720 12 12 10 3 32 3 1 5 200
1721 24 12 10 3 31 3 10 14 200
1722 18 12 10 10 186 3 1 6 300
1723 11 12 10 9 981 4 7 10 60
1724 35 12 10 8 1663 1 43 47 250
1725 3 12 10 8 921 1 43 47 90
1726 36 12 10 9 885 4 10 12 260
1727 11 12 10 9 716 4 29 33 60
1728 40 7 5 4 626 6 43 47 70
1729 4 12 10 9 436 4 20 23 140
1730 4 12 10 9 436 4 13 16 140
1731 16 12 10 3 34 3 1 5 250
1732 36 12 10 9 885 4 13 14 260
1733 1 12 10 11 149 2 43 47 80
1734 10 12 10 9 768 4 30 34 80
1735 14 12 10 8 1485 1 23 27 200
1736 11 12 10 9 981 4 1 7 60
1737 38 12 10 3 54 3 17 21 7440
1738 4 12 10 9 488 4 31 35 170
1739 12 12 10 9 473 3 40 43 390
1740 32 12 10 9 250 4 33 36 60
1741 43 7 5 4 366 6 41 44 50
1742 39 16 12 9 464 5 31 35 130
1743 2 12 10 9 720 4 43 47 710
1744 3 12 10 8 921 1 20 23 90
1745 11 12 10 9 981 4 22 26 60
1746 4 12 10 9 395 4 1 7 130
1747 40 12 10 2 170 3 30 34 210
1748 3 12 10 8 921 1 15 19 90
1749 41 16 12 9 503 5 34 37 150
1750 43 12 10 9 252 4 29 33 180
1751 24 12 10 3 43 3 24 28 400
1752 10 12 10 7 518 4 17 21 50
1753 27 12 10 9 294 4 16 20 80
1754 31 12 10 9 255 4 43 47 2490
1755 10 12 10 7 518 4 14 17 50
1756 5 12 10 9 994 4 8 12 360
1757 11 12 10 3 114 3 1 7 130
1758 16 12 10 11 260 3 29 30 1950
1759 11 12 10 9 611 4 36 40 70
1760 35 12 10 9 1113 4 26 29 180
1761 41 16 12 9 482 5 42 45 100
1762 19 12 10 9 344 4 38 42 90
1763 5 12 10 9 994 4 12 15 360
1764 12 12 10 3 160 3 33 36 680
1765 14 12 10 8 1201 1 1 6 170
1766 11 12 10 9 981 4 29 33 60
1767 16 12 10 3 94 3 45 47 1020
1768 14 12 10 8 1201 1 23 27 170
1769 10 12 10 9 587 4 31 35 80
1770 13 12 10 9 231 4 37 41 650
1771 11 12 10 3 109 3 23 27 260
1772 4 12 10 9 488 4 10 14 170
1773 10 12 10 9 372 4 12 15 30
1774 38 12 10 5 209 3 24 28 5580
1775 19 12 10 9 288 4 36 40 70
1776 10 12 10 9 372 4 20 23 30
1777 10 12 10 9 768 4 1 6 80
1778 10 12 10 9 768 4 1 5 80
1779 29 12 10 9 201 4 24 28 110
1780 6 12 10 9 204 4 37 41 40
1781 11 12 10 9 537 4 38 42 60
1782 14 7 5 4 536 6 24 28 80
1783 26 12 10 9 937 4 12 12 300
1784 11 12 10 3 33 3 23 27 150
1785 3 12 10 8 921 1 31 35 90
1786 11 12 10 9 611 4 8 12 70
1787 5 12 10 9 994 4 40 43 360
1788 10 12 10 7 518 4 42 45 50
1789 24 12 10 3 44 3 38 42 760
1790 41 16 12 9 503 5 38 42 150
1791 12 12 10 5 260 3 7 10 260
1792 9 12 10 3 119 3 6 7 100
1793 10 12 10 9 372 4 41 44 30
1794 18 12 10 4 75 3 33 36 100
1795 19 12 10 9 288 4 38 42 80
1796 34 12 10 9 153 4 29 33 20
1797 11 12 10 9 537 4 24 28 60
1798 5 12 10 9 994 4 22 26 360
1799 12 12 10 5 239 3 42 45 100
1800 38 12 10 3 47 3 31 35 930
1801 43 7 5 4 152 6 27 30 30
1802 6 12 10 9 204 4 20 23 40
1803 10 12 10 9 587 4 33 36 80
1804 10 12 10 9 768 4 33 36 80
1805 11 12 10 9 537 4 7 10 60
1806 26 12 10 9 937 4 31 35 300
1807 40 12 10 6 653 3 24 28 140
1808 12 12 10 3 32 3 12 15 170
1809 29 12 10 9 201 4 28 31 110
1810 11 12 10 9 716 4 1 6 60
1811 10 12 10 7 518 4 8 12 50
1812 10 12 10 7 518 4 24 28 50
1813 14 12 10 8 1485 1 36 40 200
1814 3 12 10 8 921 1 27 30 90
1815 16 12 10 5 94 3 29 30 750
1816 42 12 10 9 695 4 41 44 270
1817 40 12 10 2 164 3 43 47 210
1818 11 12 10 9 981 4 33 36 60
1819 13 12 10 11 627 3 24 28 190
1820 19 12 10 9 288 4 9 13 70
1821 35 12 10 9 1135 4 36 40 210
1822 35 12 10 9 1135 4 40 43 210
1823 16 12 10 3 49 3 38 40 250
1824 11 12 10 9 537 4 34 37 60
1825 6 12 10 10 491 4 24 28 250
1826 43 7 5 4 366 6 15 19 50
1827 35 12 10 9 1754 4 29 33 320
1828 16 12 10 3 34 3 31 33 250
1829 42 12 10 9 533 4 23 27 260
1830 40 12 10 5 300 3 30 34 160
1831 16 12 10 3 27 3 36 37 320
1832 41 16 12 9 482 5 27 30 100
1833 11 12 10 9 981 4 17 21 60
1834 26 12 10 9 937 4 38 42 300
1835 12 12 10 3 28 3 16 20 110
1836 43 12 10 9 553 4 31 35 800
1837 6 12 10 10 491 4 7 10 250
1838 16 12 10 3 35 3 43 44 320
1839 12 12 10 3 60 3 29 33 600
1840 10 12 10 9 410 4 8 12 40
1841 43 12 10 9 241 4 20 23 60
1842 4 12 10 9 488 4 20 23 170
1843 12 12 10 7 359 3 5 8 390
1844 7 12 10 7 998 4 36 40 350
1845 29 12 10 9 185 4 34 37 40
1846 16 12 10 5 115 3 41 42 650
1847 36 12 10 9 885 4 17 19 260
1848 36 12 10 9 885 4 45 47 260
1849 10 12 10 9 372 4 31 35 30
1850 11 12 10 9 981 4 36 40 60
1851 32 12 10 9 250 4 1 5 60
1852 18 12 10 10 186 3 5 8 200
1853 4 12 10 9 436 4 8 12 140
1854 27 12 10 9 294 4 27 30 80
1855 11 12 10 9 537 4 1 1 60
1856 13 12 10 9 231 4 26 29 650
1857 12 12 10 3 113 3 35 38 510
1858 11 12 10 9 716 4 33 36 60
1859 9 12 10 5 149 3 6 7 80
1860 19 12 10 9 344 4 34 37 90
1861 40 7 5 4 626 6 22 26 70
1862 11 12 10 9 716 4 1 7 60
1863 6 12 10 9 204 4 5 8 40
1864 36 12 10 9 885 4 15 16 260
1865 5 12 10 9 654 4 12 15 400
1866 11 12 10 9 537 4 1 6 60
1867 10 12 10 9 410 4 14 17 40
1868 12 12 10 3 113 3 23 27 340
1869 11 12 10 9 710 4 6 9 80
1870 24 12 10 5 141 3 31 35 1200
1871 11 12 10 9 611 4 41 44 70
1872 13 12 10 9 231 4 41 44 650
1873 6 12 10 10 603 4 41 44 340
1874 11 12 10 9 537 4 13 16 60
1875 14 12 10 8 1609 1 43 47 180
1876 3 12 10 8 921 1 41 44 90
1877 10 12 10 9 587 4 41 44 80
1878 40 7 5 4 626 6 1 6 70
1879 34 12 10 9 153 4 26 29 20
1880 4 12 10 9 488 4 13 16 170
1881 16 12 10 3 49 3 8 9 250
1882 41 16 12 9 482 5 20 23 100
1883 12 12 10 5 239 3 9 13 200
1884 7 12 10 7 982 4 43 47 320
1885 11 12 10 9 537 4 28 31 60
1886 14 12 10 7 981 4 1 7 120
1887 10 12 10 7 518 4 19 22 50
1888 34 12 10 3 55 3 22 26 320
1889 2 12 10 9 720 4 22 26 710
1890 17 12 10 11 207 3 31 35 530
1891 16 12 10 11 260 3 24 26 1300
1892 19 12 10 9 344 4 15 19 90
1893 12 12 10 3 175 3 19 22 680
1894 12 12 10 5 246 3 1 1 260
1895 26 12 10 9 937 4 22 26 300
1896 34 12 10 9 153 4 35 38 20
1897 10 12 10 7 518 4 5 8 50
1898 6 12 10 9 204 4 36 40 40
1899 16 12 10 7 163 3 38 40 650
1900 2 12 10 9 720 4 12 15 710
1901 43 12 10 9 553 4 41 44 800
1902 10 12 10 9 410 4 7 10 40
1903 24 12 10 3 56 3 24 28 1140
1904 6 12 10 9 248 4 5 8 50
1905 4 12 10 9 436 4 10 14 140
1906 19 12 10 9 288 4 20 23 70
1907 11 12 10 9 710 4 9 13 80
1908 43 7 5 4 152 6 20 23 30
1909 11 12 10 9 981 4 28 31 60
1910 36 12 10 9 885 4 29 30 260
1911 10 12 10 9 587 4 9 13 80
1912 41 16 12 9 480 5 1 5 100
1913 27 12 10 9 294 4 43 47 80
1914 42 12 10 9 537 4 37 41 260
1915 10 12 10 9 410 4 16 20 40
1916 12 12 10 3 51 3 26 29 330
1917 41 16 12 9 480 5 33 36 100
1918 32 12 10 9 250 4 23 27 60
1919 16 12 10 11 252 3 22 23 100
1920 11 12 10 9 611 4 29 33 70
1921 24 12 10 3 81 3 38 42 1520
1922 11 12 10 9 716 4 33 36 60
1923 5 12 10 9 994 4 19 22 360
1924 34 12 10 3 38 3 29 33 160
1925 11 12 10 9 537 4 14 17 60
1926 39 16 12 9 464 5 41 44 130
1927 40 12 10 4 473 3 34 37 630
1928 34 12 10 9 153 4 17 21 20
1929 13 12 10 9 231 4 6 9 650
1930 12 12 10 3 46 3 37 41 340
1931 13 12 10 9 231 4 26 29 650
1932 4 12 10 9 488 4 8 12 170
1933 30 12 10 8 1214 1 41 44 120
1934 10 12 10 9 768 4 23 27 80
1935 40 12 10 2 170 3 37 41 210
1936 10 12 10 9 587 4 6 9 80
1937 19 12 10 9 288 4 24 28 80
1938 34 12 10 9 153 4 41 44 20
1939 30 12 10 8 1661 1 36 40 140
1940 41 16 12 9 503 5 1 1 150
1941 16 12 10 5 115 3 36 37 650
1942 11 12 10 9 537 4 12 15 60
1943 24 12 10 3 68 3 31 35 1200
1944 11 12 10 3 109 3 29 33 260
1945 12 12 10 3 60 3 1 6 600
1946 10 12 10 7 518 4 16 20 50
1947 30 12 10 8 1139 1 33 36 110
1948 4 12 10 9 395 4 6 9 130
1949 10 12 10 9 410 4 30 34 40
1950 27 12 10 9 294 4 10 14 80
1951 42 12 10 9 695 4 20 23 270
1952 16 12 10 7 131 3 27 28 750
1953 13 12 10 9 231 4 31 35 650
1954 35 12 10 8 1663 1 29 33 250
1955 16 12 10 3 51 3 22 23 640
1956 10 12 10 7 518 4 23 27 50
1957 18 12 10 10 186 3 37 41 200
1958 3 12 10 8 921 1 36 40 90
1959 40 12 10 2 170 3 36 40 210
1960 11 12 10 9 981 4 35 38 60
1961 14 12 10 8 1201 1 31 35 170
1962 4 12 10 9 436 4 8 12 140
1963 14 12 10 8 1609 1 37 41 180
1964 12 12 10 9 473 3 29 33 390
1965 40 12 10 2 170 3 27 30 210
1966 11 12 10 9 716 4 1 5 60
1967 41 16 12 9 482 5 31 35 100
1968 11 12 10 9 981 4 26 29 60
1969 5 12 10 9 720 4 26 29 710
1970 23 12 10 15 215 4 19 22 1070
1971 10 12 10 7 518 4 30 34 50
1972 11 12 10 9 716 4 23 27 60
1973 34 12 10 4 63 3 29 33 60
1974 15 12 10 9 810 4 29 30 250
1975 11 12 10 9 710 4 1 6 80
1976 12 12 10 3 175 3 8 12 680
1977 6 12 10 9 204 4 42 45 40
1978 24 12 10 3 31 3 17 21 300
1979 12 12 10 7 380 3 33 36 260
1980 6 12 10 10 603 4 37 41 340
1981 7 12 10 7 982 4 22 26 320
1982 34 12 10 9 153 4 19 22 20
1983 31 12 10 9 252 4 29 33 2520
1984 37 12 10 9 169 4 40 43 30
1985 11 12 10 9 716 4 23 27 60
1986 31 12 10 9 255 4 22 26 2490
1987 10 12 10 9 410 4 38 42 40
1988 34 12 10 9 153 4 28 31 20
1989 1 11 9 8 126 8 22 26 190
1990 19 12 10 9 288 4 27 30 70
1991 11 12 10 9 537 4 35 38 60
1992 11 12 10 9 537 4 8 12 60
1993 42 12 10 9 537 4 41 44 260
1994 12 12 10 3 46 3 19 22 340
1995 40 12 10 3 160 3 17 21 80
1996 14 12 10 7 981 4 1 5 120
1997 17 12 10 4 68 3 31 35 360
1998 32 12 10 9 250 4 1 6 60
1999 10 12 10 7 518 4 40 43 50
2000 10 12 10 9 372 4 15 19 30
2001 10 12 10 7 518 4 13 16 50
2002 11 12 10 9 611 4 20 23 70
2003 10 12 10 7 518 4 7 10 50
2004 12 12 10 3 32 3 26 29 170
2005 19 12 10 9 344 4 1 5 90
2006 10 12 10 9 587 4 23 27 80
2007 11 12 10 9 537 4 1 7 60
2008 26 12 10 9 937 4 34 37 300
2009 35 12 10 8 1663 1 26 29 250
2010 19 12 10 9 288 4 13 16 80
2011 11 12 10 9 716 4 13 16 60
2012 25 12 10 3 41 7 1 7 8400
2013 16 12 10 11 260 3 34 35 1300
2014 29 12 10 9 201 4 29 33 110
2015 16 12 10 3 35 3 8 9 320
2016 11 12 10 9 611 4 34 37 70
2017 29 12 10 9 201 4 35 38 110
2018 12 12 10 3 76 3 19 22 440
2019 11 12 10 9 710 4 33 36 80
2020 25 12 10 6 247 3 1 7 300
2021 10 12 10 9 410 4 40 43 40
2022 12 12 10 7 380 3 1 6 390
2023 40 12 10 2 36 3 27 30 800
2024 4 12 10 9 395 4 22 26 130
2025 10 12 10 7 518 4 38 42 50
2026 4 12 10 9 488 4 24 28 170
2027 42 12 10 9 715 4 34 37 270
2028 14 12 10 8 1609 1 42 45 180
2029 43 7 5 4 366 6 6 9 50
2030 7 12 10 7 998 4 29 33 350
2031 11 12 10 9 716 4 1 6 60
2032 34 12 10 9 153 4 15 19 20
2033 41 16 12 9 480 5 23 27 100
2034 40 12 10 2 164 3 20 23 210
2035 40 12 10 3 160 3 24 28 80
2036 43 7 5 4 366 6 31 35 50
2037 16 12 10 3 26 3 29 30 250
2038 12 12 10 3 46 3 7 10 400
2039 4 12 10 9 488 4 27 30 170
2040 4 12 10 9 436 4 38 42 140
2041 41 16 12 9 503 5 43 47 150
2042 40 12 10 2 154 3 41 44 210
2043 18 12 10 4 75 3 40 43 100
2044 18 12 10 10 186 3 40 43 200
2045 36 12 10 9 885 4 6 7 260
2046 34 12 10 9 153 4 31 35 20
2047 20 12 10 3 30 3 17 21 220
2048 36 12 10 9 885 4 22 23 260
2049 19 12 10 9 288 4 8 12 80
2050 11 12 10 9 710 4 26 29 80
2051 10 12 10 7 518 4 36 40 50
2052 24 12 10 3 81 3 24 28 1110
2053 11 12 10 9 710 4 9 13 80
2054 41 16 12 9 482 5 33 36 100
2055 7 12 10 7 982 4 12 15 320
2056 11 12 10 9 981 4 23 27 60
2057 12 12 10 3 60 3 1 6 510
2058 23 12 10 15 254 4 29 33 1040
2059 11 12 10 9 981 4 13 16 60
2060 12 12 10 11 569 3 40 43 200
2061 40 12 10 3 322 3 1 7 420
2062 19 12 10 9 344 4 43 47 90
2063 40 7 5 4 626 6 37 41 70
2064 11 12 10 9 537 4 22 26 60
2065 42 12 10 9 537 4 1 6 260
2066 10 12 10 9 410 4 37 41 40
2067 12 12 10 3 51 3 12 15 220
2068 29 12 10 9 201 4 33 36 110
2069 20 12 10 3 52 3 31 35 440
2070 27 12 10 9 294 4 30 34 80
2071 40 12 10 2 164 3 38 42 210
2072 11 12 10 9 611 4 38 42 70
2073 12 12 10 3 28 3 40 43 110
2074 10 12 10 7 518 4 34 37 50
2075 12 12 10 11 569 3 43 47 300
2076 10 12 10 9 372 4 42 45 30
2077 13 12 10 6 521 3 43 47 410
2078 11 12 10 9 611 4 23 27 70
2079 4 12 10 9 395 4 24 28 130
2080 4 12 10 9 395 4 13 16 130
2081 30 12 10 8 1139 1 23 27 110
2082 34 12 10 5 91 3 1 6 640
2083 10 12 10 7 518 4 10 14 50
2084 10 12 10 7 518 4 1 1 50
2085 4 12 10 9 395 4 6 9 130
2086 43 12 10 9 553 4 22 26 800
2087 30 12 10 8 1661 1 35 38 140
2088 11 12 10 3 45 3 35 38 340
2089 11 12 10 9 710 4 41 44 80
2090 16 12 10 3 94 3 29 30 1020
2091 10 12 10 9 372 4 16 20 30
2092 10 12 10 9 410 4 10 14 40
2093 11 12 10 9 716 4 24 28 60
2094 19 12 10 9 288 4 22 26 80
2095 12 12 10 5 260 3 22 26 130
2096 11 12 10 9 981 4 6 9 60
2097 43 12 10 9 553 4 1 7 800
2098 4 12 10 9 488 4 36 40 170
2099 11 12 10 9 981 4 24 28 60
2100 14 7 5 4 536 6 1 6 80
2101 16 12 10 3 51 3 29 30 320
2102 12 12 10 3 60 3 22 26 510
2103 10 12 10 9 768 4 6 9 80
2104 23 12 10 15 254 4 43 47 1040
2105 10 12 10 9 587 4 1 7 80
2106 12 12 10 9 459 3 23 27 200
2107 14 12 10 8 1609 1 28 31 180
2108 43 12 10 9 252 4 20 23 180
2109 29 12 10 9 201 4 1 5 110
2110 22 12 10 11 262 3 41 42 60
2111 10 12 10 7 518 4 43 47 50
2112 2 12 10 9 720 4 26 29 710
2113 36 12 10 9 885 4 8 9 260
2114 40 12 10 2 154 3 31 35 210
2115 2 12 10 9 720 4 5 8 710
2116 16 12 10 3 94 3 6 7 1020
2117 41 16 12 9 503 5 40 43 150
2118 19 12 10 9 344 4 1 7 90
2119 3 12 10 8 921 1 29 33 90
2120 19 12 10 9 288 4 16 20 70
2121 13 12 10 11 627 3 1 6 190
2122 4 12 10 9 488 4 29 33 170
2123 24 12 10 3 81 3 17 21 1480
2124 12 12 10 5 260 3 30 34 260
2125 11 12 10 9 537 4 43 47 60
2126 1 12 10 11 149 2 5 8 80
2127 12 12 10 3 72 3 29 33 550
2128 14 12 10 7 981 4 33 36 120
2129 2 12 10 9 720 4 15 19 710
2130 16 12 10 9 169 3 1 5 2750
2131 42 12 10 9 702 4 37 41 220
2132 19 12 10 9 288 4 1 6 80
2133 10 12 10 9 587 4 1 6 80
2134 12 12 10 3 48 3 1 5 330
2135 43 12 10 9 241 4 43 47 60
2136 10 12 10 9 768 4 15 19 80
2137 40 12 10 5 300 3 6 9 160
2138 11 12 10 9 611 4 40 43 70
2139 11 12 10 9 981 4 15 19 60
2140 34 12 10 3 55 3 28 31 320
2141 6 12 10 9 204 4 43 47 40
2142 16 12 10 9 169 3 38 40 750
2143 4 12 10 9 395 4 15 19 130
2144 6 12 10 9 248 4 20 23 50
2145 10 12 10 7 518 4 15 19 50
2146 11 12 10 9 611 4 33 36 70
2147 11 12 10 9 710 4 1 6 80
2148 29 12 10 9 185 4 42 45 40
2149 34 12 10 9 153 4 23 27 20
2150 16 12 10 5 115 3 8 9 650
2151 12 12 10 3 51 3 22 26 330
2152 10 12 10 7 518 4 27 30 50
2153 16 12 10 11 260 3 38 40 1300
2154 30 12 10 8 1139 1 36 40 110
2155 11 12 10 9 611 4 9 13 70
2156 10 12 10 9 410 4 34 37 40
2157 14 12 10 7 981 4 23 27 120
2158 35 12 10 9 1754 4 22 26 320
2159 15 12 10 9 810 4 38 40 250
2160 12 12 10 3 128 3 1 6 1190
2161 34 12 10 4 63 3 23 27 60
2162 11 12 10 9 611 4 12 15 70
2163 10 12 10 9 410 4 27 30 40
2164 24 12 10 3 56 3 38 42 900
2165 25 12 10 3 29 7 1 7 6300
2166 29 12 10 9 185 4 27 30 40
2167 19 12 10 9 288 4 17 21 70
2168 42 12 10 9 715 4 30 34 270
2169 23 12 10 15 254 4 36 40 1040
2170 19 12 10 9 344 4 23 27 90
2171 10 12 10 7 518 4 37 41 50
2172 25 12 10 6 247 3 31 35 300
2173 11 12 10 3 114 3 35 38 130
2174 10 12 10 7 518 4 9 13 50
2175 11 12 10 9 981 4 9 13 60
2176 14 12 10 7 981 4 41 44 120
2177 24 12 10 3 44 3 31 35 520
2178 12 12 10 7 359 3 35 38 390
2179 12 12 10 3 128 3 23 27 340
2180 14 12 10 7 981 4 26 29 120
2181 10 12 10 7 518 4 29 33 50
2182 9 12 10 5 180 3 45 47 160
2183 11 12 10 9 537 4 10 14 60
2184 20 12 10 5 130 3 24 28 660
2185 40 12 10 5 300 3 13 16 160
2186 4 12 10 9 395 4 22 26 130
2187 19 12 10 9 344 4 41 44 90
2188 14 12 10 8 1609 1 5 8 180
2189 26 12 10 9 937 4 15 19 300
2190 34 12 10 9 153 4 9 13 20
2191 43 7 5 4 152 6 43 47 30
2192 6 12 10 10 491 4 13 13 250
2193 10 12 10 9 768 4 26 29 80
2194 13 12 10 9 231 4 1 7 650
2195 25 12 10 3 73 7 1 7 10100
2196 5 12 10 9 720 4 33 36 710
2197 16 12 10 9 169 3 34 35 750
2198 40 12 10 3 160 3 31 35 80
2199 16 12 10 5 115 3 31 33 650
2200 22 12 10 11 262 3 22 23 60
2201 43 7 5 4 366 6 1 7 50
2202 40 12 10 3 290 3 22 26 420
2203 11 12 10 9 981 4 1 5 60
2204 22 12 10 11 262 3 31 33 60
2205 43 12 10 9 241 4 36 40 60
2206 11 12 10 9 710 4 31 35 80
2207 14 12 10 7 981 4 31 35 120
2208 14 12 10 8 1609 1 1 6 180
2209 20 12 10 5 130 3 31 35 660
2210 5 12 10 9 994 4 8 12 360
2211 33 12 10 4 69 3 28 31 70
2212 16 12 10 5 100 3 43 44 960
2213 35 12 10 9 1135 4 22 26 210
2214 43 7 5 4 366 6 13 16 50
2215 36 12 10 9 885 4 41 42 260
2216 11 12 10 9 611 4 30 34 70
2217 18 12 10 10 186 3 30 34 200
2218 2 12 10 9 720 4 19 22 710
2219 43 7 5 4 152 6 34 37 30
2220 11 12 10 9 710 4 26 29 80
2221 11 12 10 9 981 4 1 6 60
2222 11 12 10 3 32 3 29 33 170
2223 10 12 10 9 372 4 43 47 30
2224 10 12 10 9 768 4 9 13 80
2225 4 12 10 9 488 4 22 26 170
2226 20 12 10 3 75 3 38 42 660
2227 25 12 10 3 25 7 31 35 2100
2228 40 12 10 2 170 3 38 42 210
2229 21 12 10 10 234 3 37 41 90
2230 31 12 10 9 252 4 33 36 2520
2231 11 12 10 9 537 4 42 45 60
2232 10 12 10 7 518 4 1 7 50
2233 6 12 10 10 491 4 1 6 250
2234 41 16 12 9 482 5 23 27 100
2235 10 12 10 7 518 4 31 35 50
2236 11 12 10 9 981 4 33 36 60
2237 14 12 10 8 1485 1 1 7 200
2238 43 12 10 9 252 4 36 40 180
2239 11 12 10 9 710 4 19 22 80
2240 17 12 10 11 207 3 1 7 530
2241 19 12 10 9 344 4 31 35 90
2242 11 12 10 9 611 4 7 10 70
2243 5 12 10 9 720 4 40 43 710
2244 16 12 10 3 49 3 41 42 250
2245 40 12 10 2 170 3 43 47 210
2246 40 7 5 4 626 6 30 34 70
2247 11 12 10 9 537 4 27 30 60
2248 14 12 10 8 1609 1 29 33 180
2249 42 12 10 9 695 4 23 27 270
2250 26 12 10 9 937 4 41 44 300
2251 11 12 10 9 981 4 23 27 60
2252 40 12 10 3 310 3 1 7 420
2253 5 12 10 9 994 4 22 26 360
2254 11 12 10 9 611 4 17 21 70
2255 27 12 10 9 294 4 38 42 80
2256 12 12 10 3 29 3 1 5 110
2257 40 12 10 2 154 3 41 44 210
2258 43 7 5 4 152 6 10 14 30
2259 14 12 10 8 1485 1 31 35 200
2260 17 12 10 11 207 3 24 28 530
2261 24 12 10 3 56 3 31 35 900
2262 4 12 10 9 395 4 8 12 130
2263 15 12 10 9 810 4 24 26 250
2264 11 12 10 9 981 4 9 13 60
2265 19 12 10 9 344 4 9 13 90
2266 11 12 10 9 710 4 15 19 80
2267 6 12 10 9 248 4 29 33 50
2268 34 12 10 10 206 3 1 5 270
2269 11 12 10 9 537 4 16 20 60
2270 35 12 10 9 1113 4 29 33 180
2271 10 12 10 7 518 4 41 44 50
2272 32 12 10 9 250 4 26 29 60
2273 10 12 10 9 410 4 43 47 40
2274 10 12 10 9 587 4 24 28 80
2275 4 12 10 9 488 4 6 9 170
2276 5 12 10 9 654 4 43 47 400
2277 29 12 10 9 185 4 43 47 40
2278 34 12 10 9 153 4 33 36 20
2279 29 12 10 9 201 4 23 27 110
2280 43 7 5 4 366 6 24 28 50
2281 40 12 10 6 653 3 1 6 140
2282 6 12 10 9 248 4 41 44 50
2283 4 12 10 9 436 4 38 42 140
2284 10 12 10 9 372 4 9 13 30
2285 7 12 10 7 982 4 40 43 320
2286 11 12 10 9 716 4 31 35 60
2287 41 16 12 9 482 5 1 5 100
2288 35 12 10 9 1167 4 43 47 270
2289 12 12 10 5 239 3 28 31 200
2290 11 12 10 9 716 4 26 29 60
2291 30 12 10 8 1661 1 38 42 140
2292 13 12 10 9 231 4 24 28 650
2293 11 12 10 9 710 4 1 7 80
2294 10 12 10 9 372 4 5 8 30
2295 19 12 10 9 288 4 6 9 80
2296 25 12 10 3 27 7 1 7 3440
2297 26 12 10 9 937 4 8 8 300
2298 13 12 10 9 231 4 5 5 650
2299 12 12 10 7 380 3 26 29 390
2300 29 12 10 9 185 4 5 8 40
2301 24 12 10 3 31 3 1 7 300
2302 12 12 10 9 459 3 33 36 200
2303 31 12 10 9 255 4 40 43 2490
2304 10 12 10 9 410 4 22 26 40
2305 10 12 10 7 518 4 43 47 50
2306 30 12 10 8 1214 1 37 41 120
2307 3 12 10 8 921 1 17 21 90
2308 12 12 10 7 349 3 30 34 200
2309 11 12 10 9 981 4 33 36 60
2310 10 12 10 7 518 4 22 26 50
2311 10 12 10 7 518 4 16 20 50
2312 10 12 10 9 768 4 8 12 80
2313 43 12 10 9 241 4 27 30 60
2314 1 11 9 8 126 8 40 43 190
2315 11 12 10 9 710 4 19 22 80
2316 10 12 10 9 587 4 35 38 80
2317 43 12 10 9 261 4 22 26 180
