nbCamions 308
Id_truck Number_of_suppliers Supplier_code
0 1 43
1 2 5 31
2 4 11 13 34 33
3 5 11 37 13 18 21
4 4 11 13 34 33
5 1 26
6 4 11 13 34 33
7 3 14 29 30
8 2 7 35
9 1 43
10 3 2 1 23
11 1 26
12 2 6 41
13 3 14 29 30
14 5 9 15 16 22 36
15 3 14 29 30
16 3 2 1 23
17 3 6 28 41
18 2 6 41
19 5 9 15 16 22 36
20 3 14 29 30
21 4 10 19 40 27
22 5 9 15 16 22 36
23 1 26
24 1 43
25 3 14 29 30
26 2 6 41
27 2 5 31
28 3 12 10 32
29 3 12 10 32
30 4 11 13 34 33
31 1 42
32 5 9 15 16 22 36
33 4 10 19 40 27
34 4 11 13 34 33
35 1 43
36 3 2 1 23
37 5 9 15 16 22 36
38 4 10 19 40 27
39 4 10 19 40 27
40 3 12 10 32
41 4 11 13 34 33
42 2 6 41
43 4 38 17 24 20
44 3 4 3 39
45 5 9 15 16 22 36
46 2 6 41
47 3 14 29 30
48 5 11 37 13 18 21
49 4 10 19 40 27
50 2 5 31
51 2 5 31
52 4 11 13 34 33
53 2 6 41
54 3 14 29 30
55 3 12 10 32
56 3 14 29 30
57 3 4 3 39
58 3 2 1 23
59 3 6 28 41
60 4 10 19 40 27
61 3 12 10 32
62 4 11 13 34 33
63 5 11 37 13 18 21
64 4 38 17 24 20
65 1 26
66 5 9 15 16 22 36
67 1 42
68 3 14 29 30
69 2 6 41
70 3 4 3 39
71 5 11 37 13 18 21
72 4 11 13 34 33
73 2 5 31
74 5 9 15 16 22 36
75 4 11 13 34 33
76 3 4 3 39
77 1 43
78 2 5 31
79 1 26
80 4 11 13 34 33
81 5 11 37 13 18 21
82 3 14 29 30
83 3 4 3 39
84 2 6 41
85 1 26
86 3 2 1 23
87 2 7 35
88 4 11 13 34 33
89 1 42
90 5 11 37 13 18 21
91 4 11 13 34 33
92 5 9 15 16 22 36
93 2 6 41
94 2 6 41
95 2 6 41
96 1 26
97 2 7 35
98 3 14 29 30
99 1 25
100 5 11 37 13 18 21
101 4 11 13 34 33
102 1 43
103 2 6 41
104 4 11 13 34 33
105 5 11 37 13 18 21
106 2 6 41
107 2 6 41
108 2 4 39
109 1 43
110 4 10 19 40 27
111 1 26
112 5 9 15 16 22 36
113 1 26
114 4 10 19 40 27
115 3 12 10 32
116 1 26
117 2 6 41
118 3 12 10 32
119 3 4 3 39
120 4 38 17 24 20
121 1 25
122 1 26
123 2 2 1
124 3 14 29 30
125 4 11 13 34 33
126 1 42
127 1 43
128 1 25
129 4 11 13 34 33
130 3 14 29 30
131 2 6 41
132 3 12 10 32
133 1 31
134 2 5 31
135 3 6 28 41
136 4 10 19 40 27
137 3 14 29 30
138 3 14 29 30
139 1 43
140 3 4 3 39
141 3 2 1 23
142 2 6 41
143 4 10 19 40 27
144 3 14 29 30
145 4 11 13 34 33
146 4 10 19 40 27
147 2 7 35
148 3 12 10 32
149 3 4 3 39
150 1 42
151 1 43
152 4 11 13 34 33
153 4 10 19 40 27
154 3 12 10 32
155 4 11 13 34 33
156 5 11 37 13 18 21
157 1 43
158 3 12 10 32
159 4 10 19 40 27
160 3 12 10 32
161 3 6 28 41
162 2 6 41
163 5 9 15 16 22 36
164 1 43
165 1 43
166 4 10 19 40 27
167 2 6 41
168 3 12 10 32
169 5 9 15 16 22 36
170 3 12 10 32
171 3 14 29 30
172 2 7 35
173 1 26
174 1 42
175 2 6 41
176 2 7 35
177 5 9 15 16 22 36
178 1 26
179 2 6 41
180 2 4 39
181 1 26
182 4 11 13 34 33
183 1 42
184 2 7 35
185 4 11 13 34 33
186 3 14 29 30
187 3 14 29 30
188 4 11 13 34 33
189 5 11 37 13 18 21
190 3 14 29 30
191 3 4 3 39
192 4 11 13 34 33
193 2 7 35
194 1 26
195 1 26
196 2 6 41
197 2 5 31
198 4 11 13 34 33
199 1 43
200 2 5 31
201 4 11 13 34 33
202 1 43
203 5 11 37 13 18 21
204 4 11 13 34 33
205 3 6 28 41
206 1 25
207 3 4 3 39
208 3 12 10 32
209 4 10 19 40 27
210 3 2 1 23
211 1 42
212 5 11 37 13 18 21
213 1 25
214 4 11 13 34 33
215 3 14 29 30
216 3 4 3 39
217 3 4 3 39
218 5 9 15 16 22 36
219 2 6 41
220 3 2 1 23
221 3 14 29 30
222 2 6 41
223 4 11 13 34 33
224 3 14 29 30
225 3 2 1 23
226 3 4 3 39
227 4 10 19 40 27
228 3 12 10 32
229 4 10 19 40 27
230 4 11 13 34 33
231 3 12 10 32
232 3 14 29 30
233 1 42
234 4 11 13 34 33
235 3 14 29 30
236 2 6 41
237 4 11 13 34 33
238 2 5 31
239 1 42
240 4 11 13 34 33
241 3 14 29 30
242 3 14 29 30
243 3 12 10 32
244 4 10 19 40 27
245 4 38 17 24 20
246 3 12 10 32
247 4 10 19 40 27
248 3 14 29 30
249 5 9 15 16 22 36
250 4 10 19 40 27
251 3 12 10 32
252 4 11 13 34 33
253 2 5 31
254 3 12 10 32
255 3 14 29 30
256 3 14 29 30
257 2 6 41
258 2 6 41
259 5 9 15 16 22 36
260 2 7 35
261 3 2 1 23
262 4 38 17 24 20
263 3 4 3 39
264 4 10 19 40 27
265 3 14 29 30
266 3 14 29 30
267 2 6 41
268 5 9 15 16 22 36
269 1 42
270 1 43
271 3 14 29 30
272 1 43
273 4 10 19 40 27
274 2 6 41
275 4 11 13 34 33
276 3 12 10 32
277 4 10 19 40 27
278 4 38 17 24 20
279 3 12 10 32
280 2 6 41
281 3 14 29 30
282 3 14 29 30
283 3 2 1 23
284 3 12 10 32
285 3 6 28 41
286 4 10 19 40 27
287 2 7 35
288 4 11 13 34 33
289 1 42
290 3 6 28 41
291 3 4 3 39
292 4 10 19 40 27
293 3 12 10 32
294 5 9 15 16 22 36
295 3 14 29 30
296 1 25
297 2 6 41
298 4 11 13 34 33
299 5 11 37 13 18 21
300 3 14 29 30
301 1 26
302 3 12 10 32
303 5 9 15 16 22 36
304 1 43
305 3 4 3 39
306 4 11 13 34 33
307 3 14 29 30
