nbCamions 1914
Id_truck Number_of_suppliers Supplier_code
0 4 125 134 145 127
1 1 79
2 1 122
3 1 44
4 1 14
5 1 14
6 1 11
7 2 100 10
8 1 113
9 2 83 148
10 2 27 30
11 1 97
12 1 72
13 1 66
14 3 21 112 23
15 2 17 54
16 1 11
17 1 69
18 3 50 140 146
19 2 8 53
20 1 130
21 3 25 126 78
22 1 59
23 1 43
24 3 128 74 77
25 1 116
26 2 143 84
27 1 143
28 1 14
29 2 19 113
30 1 65
31 2 143 84
32 1 99
33 1 143
34 1 139
35 1 14
36 1 14
37 1 66
38 1 130
39 1 61
40 1 69
41 3 150 151 115
42 2 33 4
43 1 80
44 2 129 96
45 1 154
46 2 8 53
47 1 72
48 1 14
49 2 154 86
50 1 143
51 2 143 84
52 1 14
53 1 65
54 1 99
55 2 53 8
56 2 17 54
57 1 66
58 1 8
59 1 1
60 1 1
61 1 50
62 2 27 30
63 1 107
64 1 27
65 1 26
66 1 93
67 2 129 96
68 2 26 149
69 1 68
70 1 72
71 1 66
72 1 131
73 1 130
74 1 63
75 1 75
76 1 114
77 1 79
78 1 136
79 2 77 128
80 2 26 149
81 1 93
82 1 154
83 1 93
84 1 68
85 1 98
86 2 12 9
87 1 39
88 1 71
89 2 105 29
90 2 129 96
91 1 59
92 1 107
93 1 66
94 1 62
95 2 97 124
96 1 1
97 1 1
98 1 66
99 1 97
100 1 139
101 1 66
102 1 66
103 1 66
104 2 109 85
105 1 71
106 1 116
107 1 43
108 2 52 18
109 1 136
110 1 20
111 1 98
112 1 143
113 1 20
114 1 139
115 3 25 126 78
116 1 1
117 1 1
118 1 106
119 2 105 29
120 1 39
121 1 98
122 1 20
123 1 98
124 1 75
125 1 137
126 3 20 76 46
127 1 9
128 3 25 126 78
129 1 50
130 2 136 58
131 2 52 18
132 2 100 10
133 3 25 126 78
134 1 119
135 1 68
136 1 122
137 1 54
138 1 103
139 1 75
140 1 26
141 1 114
142 1 26
143 1 66
144 1 114
145 1 64
146 2 53 8
147 1 9
148 1 11
149 1 71
150 3 60 51 55
151 2 47 95
152 1 93
153 1 93
154 1 68
155 2 129 96
156 1 59
157 1 40
158 1 71
159 1 99
160 1 99
161 1 26
162 1 40
163 2 94 101
164 3 150 151 115
165 1 131
166 1 14
167 1 15
168 1 133
169 1 61
170 4 90 152 104 132
171 1 50
172 2 80 2
173 1 15
174 1 93
175 1 72
176 1 93
177 1 26
178 1 65
179 2 33 4
180 2 47 95
181 1 40
182 3 120 95 47
183 1 71
184 1 20
185 2 47 95
186 1 15
187 2 54 123
188 1 65
189 1 108
190 1 66
191 1 59
192 1 8
193 1 154
194 1 137
195 1 139
196 1 79
197 1 97
198 2 33 4
199 2 109 85
200 1 28
201 1 66
202 1 82
203 1 66
204 1 11
205 2 136 58
206 1 11
207 1 133
208 1 66
209 1 62
210 1 28
211 1 107
212 1 94
213 1 143
214 1 98
215 1 130
216 2 143 84
217 1 66
218 1 44
219 1 66
220 1 43
221 1 107
222 1 116
223 1 107
224 2 67 69
225 1 66
226 1 66
227 1 116
228 1 143
229 2 143 84
230 4 125 134 145 127
231 1 65
232 1 113
233 1 143
234 2 143 84
235 3 3 117 111
236 2 38 39
237 2 105 29
238 1 1
239 1 1
240 1 79
241 1 79
242 1 59
243 1 137
244 1 20
245 1 69
246 1 14
247 2 20 48
248 1 75
249 1 14
250 2 143 84
251 1 75
252 1 66
253 2 129 96
254 1 143
255 1 66
256 1 143
257 2 143 84
258 1 130
259 1 79
260 1 66
261 3 21 112 23
262 1 66
263 1 66
264 2 54 123
265 1 66
266 4 90 152 104 132
267 1 11
268 1 82
269 1 130
270 1 64
271 3 128 74 77
272 3 120 95 47
273 1 133
274 1 9
275 1 48
276 2 67 69
277 1 20
278 1 27
279 1 94
280 1 66
281 3 3 117 111
282 2 7 147
283 1 86
284 2 80 2
285 1 15
286 1 137
287 4 125 134 145 127
288 1 137
289 1 97
290 1 71
291 2 80 2
292 1 40
293 1 59
294 1 130
295 1 61
296 1 113
297 2 52 18
298 2 80 2
299 1 114
300 1 130
301 1 40
302 1 14
303 1 114
304 1 66
305 1 66
306 1 66
307 3 3 117 111
308 1 108
309 1 64
310 1 15
311 1 26
312 1 11
313 1 94
314 1 26
315 1 8
316 1 93
317 1 1
318 1 26
319 1 59
320 1 1
321 1 26
322 1 99
323 1 75
324 1 130
325 1 93
326 1 75
327 1 93
328 1 66
329 1 79
330 1 122
331 1 15
332 1 75
333 1 59
334 1 66
335 1 114
336 1 66
337 1 99
338 1 99
339 1 66
340 1 66
341 1 66
342 1 11
343 3 25 126 78
344 1 79
345 1 65
346 1 68
347 4 90 152 104 132
348 1 75
349 1 71
350 1 66
351 1 66
352 1 43
353 1 66
354 1 116
355 3 25 126 78
356 1 66
357 1 66
358 1 66
359 1 71
360 2 52 18
361 1 72
362 1 28
363 1 98
364 1 66
365 3 138 13 142
366 1 54
367 1 116
368 1 44
369 1 43
370 1 69
371 1 79
372 1 99
373 2 83 148
374 1 79
375 2 83 148
376 1 66
377 1 66
378 1 64
379 1 66
380 1 66
381 2 8 53
382 1 1
383 1 1
384 1 113
385 2 54 123
386 1 71
387 2 83 148
388 3 3 117 111
389 4 125 134 145 127
390 2 47 95
391 2 131 88
392 1 40
393 2 8 53
394 1 15
395 1 133
396 1 137
397 1 98
398 2 12 9
399 2 7 147
400 1 62
401 1 139
402 1 66
403 3 21 112 23
404 1 26
405 1 1
406 1 130
407 2 154 86
408 1 1
409 1 93
410 1 97
411 1 93
412 2 53 8
413 2 94 101
414 1 14
415 1 26
416 2 17 54
417 2 129 96
418 1 113
419 1 113
420 2 47 95
421 1 97
422 2 40 42
423 1 137
424 1 15
425 1 11
426 1 27
427 1 97
428 1 11
429 2 143 84
430 1 143
431 2 136 58
432 1 9
433 1 130
434 1 15
435 1 108
436 2 77 128
437 1 14
438 1 27
439 1 94
440 1 63
441 2 67 69
442 2 143 84
443 1 143
444 4 90 152 104 132
445 1 9
446 1 65
447 2 47 95
448 1 75
449 1 14
450 1 14
451 2 47 95
452 1 99
453 1 93
454 1 14
455 1 93
456 1 65
457 1 14
458 1 40
459 1 143
460 1 98
461 1 71
462 2 83 148
463 1 79
464 1 139
465 1 71
466 1 98
467 1 11
468 2 20 48
469 1 139
470 1 107
471 1 26
472 1 97
473 1 136
474 1 44
475 3 21 112 23
476 2 67 69
477 1 79
478 3 150 151 115
479 1 103
480 3 25 126 78
481 1 43
482 1 79
483 1 103
484 3 150 151 115
485 1 15
486 2 100 10
487 1 26
488 1 55
489 1 62
490 1 71
491 2 47 95
492 1 62
493 3 128 74 77
494 1 136
495 2 47 95
496 1 116
497 1 40
498 1 114
499 1 43
500 1 20
501 1 107
502 2 76 46
503 4 90 152 104 132
504 1 26
505 2 52 18
506 1 65
507 2 77 128
508 1 39
509 1 40
510 1 20
511 2 105 29
512 1 119
513 1 15
514 3 25 126 78
515 1 98
516 2 136 58
517 1 20
518 2 12 9
519 1 133
520 1 14
521 1 130
522 2 129 96
523 3 50 140 146
524 1 40
525 3 21 112 23
526 1 64
527 1 66
528 1 114
529 1 26
530 1 11
531 1 130
532 1 26
533 1 98
534 2 12 9
535 1 71
536 3 128 74 77
537 1 114
538 2 47 95
539 2 12 9
540 2 47 95
541 1 114
542 1 40
543 1 94
544 4 125 134 145 127
545 1 26
546 3 25 126 78
547 1 26
548 1 137
549 1 59
550 2 33 4
551 1 66
552 2 19 113
553 1 66
554 1 66
555 1 97
556 1 15
557 1 97
558 1 26
559 2 17 54
560 2 7 147
561 2 47 95
562 1 154
563 1 99
564 1 98
565 1 107
566 1 27
567 1 97
568 1 94
569 1 75
570 1 75
571 3 25 126 78
572 1 154
573 1 71
574 1 68
575 1 79
576 3 21 112 23
577 2 100 10
578 2 8 53
579 1 68
580 1 79
581 3 3 117 111
582 1 15
583 1 44
584 1 79
585 3 25 126 78
586 1 79
587 1 68
588 1 66
589 1 107
590 1 93
591 1 93
592 1 98
593 1 116
594 1 43
595 3 20 76 46
596 1 20
597 1 44
598 3 60 51 55
599 1 66
600 1 1
601 1 1
602 1 66
603 1 66
604 2 136 58
605 1 66
606 1 66
607 1 66
608 3 21 112 23
609 1 66
610 1 103
611 1 68
612 1 107
613 1 65
614 1 116
615 1 43
616 1 14
617 2 80 2
618 1 15
619 1 66
620 1 107
621 3 25 126 78
622 1 79
623 1 79
624 1 14
625 1 14
626 1 75
627 1 66
628 1 66
629 1 71
630 1 27
631 2 47 95
632 1 69
633 1 79
634 1 26
635 1 59
636 1 11
637 1 143
638 2 100 10
639 2 154 86
640 1 71
641 2 143 84
642 1 1
643 1 130
644 1 14
645 1 130
646 2 40 42
647 1 64
648 1 26
649 2 131 88
650 2 47 95
651 1 65
652 1 99
653 1 69
654 1 99
655 1 68
656 1 28
657 1 8
658 1 99
659 1 137
660 2 12 9
661 2 33 4
662 3 128 74 77
663 1 93
664 1 93
665 2 154 86
666 3 128 74 77
667 1 59
668 1 93
669 1 66
670 1 65
671 1 53
672 1 75
673 2 47 95
674 2 129 96
675 1 43
676 1 116
677 1 27
678 1 98
679 1 9
680 1 75
681 1 75
682 2 143 84
683 1 131
684 1 143
685 1 26
686 1 130
687 1 14
688 1 71
689 2 109 85
690 4 90 152 104 132
691 1 130
692 1 54
693 1 1
694 1 79
695 2 129 96
696 2 67 69
697 1 139
698 4 90 152 104 132
699 1 11
700 2 100 10
701 1 59
702 2 105 29
703 1 39
704 1 108
705 1 14
706 1 14
707 2 33 4
708 2 83 148
709 2 83 148
710 1 139
711 1 65
712 1 11
713 1 66
714 1 65
715 1 11
716 1 139
717 1 11
718 2 94 101
719 1 8
720 1 71
721 1 75
722 1 143
723 1 26
724 2 143 84
725 1 43
726 4 90 152 104 132
727 1 154
728 1 133
729 1 97
730 1 116
731 1 44
732 2 80 2
733 1 50
734 1 139
735 1 113
736 1 133
737 1 93
738 1 93
739 1 113
740 1 66
741 1 66
742 1 66
743 1 75
744 2 109 85
745 1 71
746 2 143 84
747 1 143
748 1 66
749 1 113
750 1 9
751 1 79
752 3 25 126 78
753 1 53
754 1 15
755 1 99
756 1 99
757 1 71
758 1 11
759 2 7 147
760 1 11
761 1 27
762 1 54
763 1 8
764 1 20
765 1 48
766 1 53
767 1 26
768 1 14
769 1 26
770 1 8
771 3 150 151 115
772 1 26
773 1 53
774 1 66
775 3 138 13 142
776 1 130
777 1 50
778 1 14
779 4 90 152 104 132
780 1 26
781 1 54
782 1 113
783 1 11
784 1 28
785 2 109 85
786 1 71
787 1 94
788 3 21 112 23
789 1 63
790 2 47 95
791 1 27
792 1 54
793 1 28
794 1 53
795 1 139
796 1 1
797 1 50
798 2 129 96
799 3 3 117 111
800 1 8
801 1 20
802 1 143
803 2 26 149
804 1 136
805 1 97
806 1 44
807 2 136 58
808 1 43
809 3 3 117 111
810 1 1
811 1 79
812 1 79
813 1 1
814 1 1
815 1 139
816 1 94
817 2 105 29
818 1 39
819 1 66
820 1 75
821 3 21 112 23
822 1 14
823 1 14
824 1 71
825 1 66
826 1 75
827 1 75
828 1 79
829 1 79
830 1 66
831 1 66
832 1 66
833 1 94
834 1 72
835 1 71
836 1 71
837 2 8 53
838 1 50
839 1 20
840 3 3 117 111
841 3 21 112 23
842 1 28
843 1 139
844 2 154 86
845 1 44
846 1 107
847 1 143
848 2 136 58
849 1 68
850 1 26
851 4 90 152 104 132
852 1 93
853 1 93
854 3 25 126 78
855 1 9
856 1 63
857 1 68
858 1 59
859 1 114
860 2 17 54
861 1 27
862 1 130
863 1 27
864 2 143 84
865 1 143
866 1 26
867 1 15
868 2 12 9
869 1 113
870 3 138 13 142
871 1 93
872 1 54
873 2 129 96
874 1 72
875 1 93
876 1 59
877 1 66
878 1 26
879 1 26
880 1 137
881 1 97
882 1 99
883 1 59
884 1 82
885 2 19 113
886 1 66
887 1 62
888 1 63
889 3 150 151 115
890 1 66
891 1 71
892 2 67 69
893 1 66
894 1 139
895 1 15
896 1 75
897 1 114
898 1 114
899 1 66
900 1 66
901 1 107
902 1 26
903 1 53
904 1 71
905 2 109 85
906 1 79
907 1 137
908 1 137
909 1 9
910 1 94
911 2 8 53
912 4 90 152 104 132
913 1 65
914 1 99
915 1 97
916 1 98
917 1 114
918 3 25 126 78
919 1 44
920 1 15
921 2 26 149
922 1 65
923 2 97 124
924 1 97
925 1 139
926 1 143
927 2 143 84
928 1 93
929 1 93
930 1 66
931 2 83 148
932 1 71
933 1 75
934 1 116
935 1 79
936 1 79
937 1 43
938 1 68
939 2 136 58
940 1 143
941 1 143
942 1 66
943 1 66
944 1 66
945 2 143 84
946 2 143 84
947 1 143
948 2 33 4
949 1 59
950 1 71
951 3 138 13 142
952 1 14
953 1 14
954 1 154
955 2 105 29
956 1 39
957 2 97 124
958 1 59
959 1 72
960 1 61
961 2 7 147
962 1 27
963 1 66
964 1 82
965 1 28
966 1 11
967 1 103
968 1 66
969 1 122
970 1 66
971 1 14
972 1 69
973 3 50 140 146
974 1 65
975 1 99
976 1 143
977 1 66
978 1 65
979 1 96
980 1 65
981 1 107
982 3 150 151 115
983 1 59
984 2 77 128
985 2 100 10
986 2 33 4
987 2 129 96
988 2 8 53
989 1 154
990 3 21 112 23
991 1 99
992 2 19 113
993 1 103
994 1 59
995 1 63
996 1 79
997 2 100 10
998 1 154
999 1 61
1000 1 93
1001 4 125 134 145 127
1002 1 26
1003 2 33 4
1004 2 154 86
1005 1 130
1006 1 28
1007 1 80
1008 1 75
1009 1 79
1010 1 79
1011 1 75
1012 1 97
1013 1 143
1014 2 143 84
1015 2 47 95
1016 1 137
1017 1 68
1018 1 71
1019 3 20 76 46
1020 1 14
1021 1 119
1022 1 26
1023 1 20
1024 1 11
1025 3 60 51 55
1026 1 122
1027 1 20
1028 1 64
1029 1 116
1030 1 98
1031 1 26
1032 1 1
1033 2 109 85
1034 1 26
1035 1 1
1036 1 103
1037 1 66
1038 1 66
1039 2 20 48
1040 1 62
1041 2 27 30
1042 1 1
1043 3 3 117 111
1044 1 119
1045 1 139
1046 1 108
1047 1 1
1048 3 25 126 78
1049 1 66
1050 1 20
1051 1 71
1052 1 65
1053 2 83 148
1054 1 69
1055 3 60 51 55
1056 1 14
1057 1 14
1058 1 65
1059 1 66
1060 1 68
1061 1 66
1062 3 25 126 78
1063 1 11
1064 1 136
1065 1 66
1066 1 66
1067 1 66
1068 1 98
1069 1 55
1070 2 8 53
1071 1 1
1072 1 1
1073 1 9
1074 2 67 69
1075 1 20
1076 1 9
1077 1 114
1078 3 150 151 115
1079 1 98
1080 1 137
1081 2 129 96
1082 3 50 140 146
1083 1 137
1084 1 139
1085 1 71
1086 3 25 126 78
1087 1 55
1088 1 26
1089 1 40
1090 1 106
1091 1 98
1092 1 15
1093 2 47 95
1094 1 61
1095 1 59
1096 1 130
1097 2 20 48
1098 1 98
1099 1 93
1100 1 93
1101 1 133
1102 3 120 95 47
1103 4 90 152 104 132
1104 1 72
1105 2 33 4
1106 2 40 42
1107 1 75
1108 2 8 53
1109 1 154
1110 1 99
1111 2 47 95
1112 1 26
1113 1 97
1114 1 50
1115 1 79
1116 1 64
1117 2 47 95
1118 1 64
1119 4 125 134 145 127
1120 1 75
1121 1 133
1122 1 75
1123 1 66
1124 2 27 30
1125 1 66
1126 1 15
1127 2 52 18
1128 1 122
1129 1 62
1130 1 59
1131 1 114
1132 2 47 95
1133 3 150 151 115
1134 1 40
1135 2 77 128
1136 2 17 54
1137 3 128 74 77
1138 2 100 10
1139 1 26
1140 3 21 112 23
1141 3 25 126 78
1142 1 93
1143 2 83 148
1144 2 109 85
1145 1 113
1146 2 19 113
1147 2 129 96
1148 1 72
1149 1 1
1150 1 139
1151 2 76 46
1152 1 20
1153 1 65
1154 1 130
1155 2 80 2
1156 1 65
1157 1 82
1158 2 67 69
1159 1 50
1160 1 19
1161 1 43
1162 1 69
1163 1 14
1164 1 14
1165 1 14
1166 1 14
1167 2 7 147
1168 3 25 126 78
1169 1 107
1170 1 107
1171 1 11
1172 1 11
1173 1 62
1174 1 116
1175 1 43
1176 2 131 88
1177 1 139
1178 2 67 69
1179 1 116
1180 1 1
1181 1 103
1182 1 130
1183 1 40
1184 1 114
1185 1 133
1186 1 50
1187 1 11
1188 1 93
1189 1 113
1190 1 93
1191 1 103
1192 1 94
1193 1 71
1194 2 97 124
1195 1 93
1196 1 15
1197 1 26
1198 3 3 117 111
1199 1 139
1200 1 40
1201 1 139
1202 1 97
1203 1 137
1204 1 8
1205 1 14
1206 3 120 95 47
1207 1 14
1208 3 28 24 22
1209 1 113
1210 2 54 123
1211 1 98
1212 2 38 39
1213 2 105 29
1214 4 125 134 145 127
1215 1 44
1216 1 66
1217 1 137
1218 1 80
1219 1 59
1220 1 26
1221 1 114
1222 3 138 13 142
1223 1 26
1224 1 133
1225 1 15
1226 1 139
1227 1 99
1228 1 99
1229 1 154
1230 3 128 74 77
1231 2 47 95
1232 3 120 95 47
1233 1 113
1234 1 99
1235 1 114
1236 1 28
1237 1 113
1238 1 26
1239 1 113
1240 2 54 123
1241 2 129 96
1242 1 93
1243 1 15
1244 1 93
1245 1 26
1246 1 40
1247 1 114
1248 1 54
1249 1 108
1250 2 7 147
1251 1 9
1252 1 79
1253 1 154
1254 1 9
1255 1 94
1256 1 44
1257 2 67 69
1258 1 137
1259 1 64
1260 1 133
1261 1 113
1262 3 150 151 115
1263 1 99
1264 1 1
1265 1 1
1266 1 1
1267 1 65
1268 1 106
1269 1 20
1270 1 26
1271 1 20
1272 1 1
1273 1 98
1274 3 25 126 78
1275 1 68
1276 1 1
1277 1 139
1278 2 67 69
1279 1 71
1280 1 143
1281 1 53
1282 2 38 39
1283 2 105 29
1284 1 139
1285 1 79
1286 2 7 147
1287 1 9
1288 1 82
1289 1 63
1290 2 136 58
1291 3 28 24 22
1292 1 66
1293 1 75
1294 1 66
1295 1 75
1296 2 109 85
1297 1 66
1298 1 65
1299 1 75
1300 1 66
1301 1 8
1302 1 94
1303 1 68
1304 2 136 58
1305 1 44
1306 1 1
1307 1 98
1308 1 66
1309 1 97
1310 1 79
1311 1 79
1312 3 50 140 146
1313 1 93
1314 1 108
1315 1 11
1316 1 11
1317 1 119
1318 1 14
1319 3 120 95 47
1320 1 14
1321 3 3 117 111
1322 1 61
1323 1 59
1324 1 40
1325 3 3 117 111
1326 1 122
1327 1 26
1328 4 90 152 104 132
1329 1 130
1330 1 66
1331 1 108
1332 2 33 4
1333 1 59
1334 1 131
1335 1 26
1336 1 131
1337 1 130
1338 1 137
1339 1 55
1340 1 59
1341 1 137
1342 2 7 147
1343 3 128 74 77
1344 1 114
1345 1 50
1346 2 27 30
1347 1 113
1348 1 71
1349 1 82
1350 3 3 117 111
1351 1 133
1352 1 61
1353 1 59
1354 2 129 96
1355 1 26
1356 1 80
1357 2 8 53
1358 1 14
1359 2 109 85
1360 1 14
1361 1 99
1362 2 77 128
1363 1 154
1364 3 20 76 46
1365 1 20
1366 1 103
1367 3 28 24 22
1368 1 26
1369 2 136 58
1370 2 52 18
1371 1 116
1372 1 1
1373 1 82
1374 1 1
1375 1 69
1376 1 66
1377 3 25 126 78
1378 1 15
1379 1 69
1380 1 20
1381 2 20 48
1382 2 52 18
1383 1 66
1384 1 53
1385 1 66
1386 1 66
1387 1 139
1388 3 128 74 77
1389 1 75
1390 1 65
1391 1 99
1392 1 66
1393 1 154
1394 2 105 29
1395 1 1
1396 2 38 39
1397 1 66
1398 1 1
1399 1 66
1400 1 66
1401 1 93
1402 1 65
1403 1 93
1404 1 26
1405 1 122
1406 1 20
1407 1 98
1408 3 60 51 55
1409 1 97
1410 1 66
1411 2 143 84
1412 1 143
1413 1 66
1414 1 66
1415 1 69
1416 1 71
1417 1 107
1418 1 66
1419 1 75
1420 1 71
1421 2 143 84
1422 1 65
1423 1 143
1424 1 68
1425 1 66
1426 1 26
1427 1 75
1428 1 93
1429 1 64
1430 1 68
1431 1 108
1432 1 26
1433 1 26
1434 1 79
1435 1 9
1436 1 79
1437 1 139
1438 3 25 126 78
1439 2 52 18
1440 1 64
1441 1 93
1442 1 137
1443 1 97
1444 1 97
1445 1 66
1446 1 72
1447 2 97 124
1448 1 75
1449 1 66
1450 2 83 148
1451 1 131
1452 1 66
1453 4 125 134 145 127
1454 1 66
1455 1 66
1456 2 26 149
1457 2 77 128
1458 2 131 88
1459 2 20 48
1460 2 27 30
1461 1 93
1462 2 97 124
1463 1 9
1464 1 114
1465 1 122
1466 1 130
1467 1 122
1468 1 66
1469 2 100 10
1470 1 62
1471 1 26
1472 2 131 88
1473 1 131
1474 1 143
1475 1 71
1476 1 143
1477 2 143 84
1478 2 105 29
1479 1 39
1480 2 129 96
1481 1 66
1482 1 66
1483 1 106
1484 1 66
1485 1 66
1486 1 75
1487 1 66
1488 1 62
1489 3 150 151 115
1490 1 61
1491 1 82
1492 1 122
1493 3 50 140 146
1494 1 26
1495 1 59
1496 1 114
1497 1 14
1498 2 136 58
1499 1 28
1500 1 72
1501 1 9
1502 4 125 134 145 127
1503 1 116
1504 2 33 4
1505 1 66
1506 2 53 8
1507 1 11
1508 1 66
1509 1 66
1510 1 66
1511 1 1
1512 1 69
1513 1 1
1514 1 14
1515 1 98
1516 1 11
1517 1 69
1518 2 38 39
1519 1 143
1520 1 55
1521 2 143 84
1522 1 98
1523 1 82
1524 1 14
1525 1 79
1526 1 79
1527 1 20
1528 2 109 85
1529 2 109 85
1530 3 25 126 78
1531 1 1
1532 2 52 18
1533 1 14
1534 1 14
1535 1 107
1536 2 7 147
1537 1 137
1538 1 66
1539 1 66
1540 1 113
1541 2 8 53
1542 1 137
1543 1 80
1544 2 97 124
1545 1 113
1546 1 143
1547 2 143 84
1548 2 67 69
1549 1 65
1550 2 97 124
1551 1 154
1552 3 28 24 22
1553 2 67 69
1554 1 44
1555 1 68
1556 1 64
1557 1 75
1558 1 103
1559 1 26
1560 1 55
1561 1 26
1562 2 105 29
1563 2 38 39
1564 2 94 101
1565 1 97
1566 1 66
1567 1 71
1568 1 8
1569 1 26
1570 1 93
1571 1 99
1572 1 99
1573 1 79
1574 1 59
1575 1 99
1576 1 97
1577 1 99
1578 1 79
1579 2 8 53
1580 1 80
1581 1 71
1582 3 25 126 78
1583 1 50
1584 1 68
1585 1 114
1586 1 28
1587 1 99
1588 1 99
1589 2 26 149
1590 2 7 147
1591 1 154
1592 1 59
1593 1 15
1594 1 50
1595 2 54 123
1596 1 59
1597 1 62
1598 2 131 88
1599 1 154
1600 3 28 24 22
1601 3 50 140 146
1602 1 11
1603 1 26
1604 1 14
1605 2 8 53
1606 1 107
1607 1 63
1608 1 103
1609 2 83 148
1610 1 119
1611 1 114
1612 2 8 53
1613 2 19 113
1614 2 143 84
1615 1 143
1616 3 25 126 78
1617 1 59
1618 1 14
1619 1 139
1620 1 14
1621 2 51 55
1622 1 28
1623 2 27 30
1624 2 20 48
1625 2 47 95
1626 2 136 58
1627 1 61
1628 1 66
1629 1 98
1630 1 72
1631 1 66
1632 3 138 13 142
1633 1 59
1634 1 139
1635 1 139
1636 1 113
1637 1 116
1638 1 108
1639 1 82
1640 3 25 126 78
1641 1 139
1642 1 1
1643 1 62
1644 1 139
1645 2 67 69
1646 1 1
1647 2 52 18
1648 1 107
1649 1 79
1650 1 139
1651 3 150 151 115
1652 1 43
1653 1 71
1654 1 20
1655 1 99
1656 1 9
1657 1 65
1658 2 47 95
1659 2 80 2
1660 1 66
1661 1 11
1662 2 7 147
1663 2 129 96
1664 1 122
1665 1 154
1666 1 133
1667 1 103
1668 1 139
1669 1 40
1670 1 106
1671 1 130
1672 1 114
1673 1 65
1674 3 28 24 22
1675 1 15
1676 1 59
1677 2 77 128
1678 3 28 24 22
1679 1 14
1680 1 9
1681 1 40
1682 1 65
1683 1 99
1684 1 28
1685 2 7 147
1686 1 137
1687 1 61
1688 1 130
1689 3 3 117 111
1690 1 26
1691 2 54 123
1692 2 77 128
1693 1 93
1694 1 59
1695 1 61
1696 1 71
1697 1 114
1698 1 75
1699 1 66
1700 1 1
1701 1 1
1702 1 66
1703 1 139
1704 2 67 69
1705 1 99
1706 2 47 95
1707 1 11
1708 1 154
1709 1 66
1710 1 154
1711 1 66
1712 1 71
1713 1 82
1714 1 1
1715 1 66
1716 1 66
1717 1 137
1718 1 15
1719 3 120 95 47
1720 1 27
1721 1 61
1722 1 98
1723 1 119
1724 2 40 42
1725 1 108
1726 1 25
1727 1 71
1728 1 108
1729 2 40 42
1730 1 75
1731 1 113
1732 1 97
1733 1 93
1734 2 52 18
1735 1 93
1736 1 43
1737 1 75
1738 3 60 51 55
1739 2 109 85
1740 1 66
1741 1 50
1742 1 66
1743 1 66
1744 1 66
1745 1 14
1746 1 14
1747 3 50 140 146
1748 1 71
1749 1 130
1750 3 138 13 142
1751 1 66
1752 1 66
1753 1 66
1754 1 98
1755 2 143 84
1756 1 143
1757 1 66
1758 1 66
1759 4 125 134 145 127
1760 1 75
1761 1 20
1762 2 20 48
1763 2 67 69
1764 2 20 48
1765 1 98
1766 1 55
1767 1 1
1768 1 11
1769 2 20 48
1770 2 136 58
1771 1 1
1772 1 66
1773 2 136 58
1774 1 8
1775 2 109 85
1776 1 1
1777 1 40
1778 1 99
1779 1 99
1780 1 107
1781 1 65
1782 1 122
1783 1 26
1784 2 94 101
1785 1 79
1786 1 79
1787 2 38 39
1788 2 105 29
1789 1 66
1790 2 77 128
1791 1 66
1792 1 66
1793 3 128 74 77
1794 2 47 95
1795 1 122
1796 1 66
1797 1 1
1798 1 1
1799 2 33 4
1800 2 67 69
1801 1 93
1802 1 14
1803 1 1
1804 1 82
1805 2 100 10
1806 1 1
1807 1 103
1808 1 108
1809 1 107
1810 1 43
1811 2 47 95
1812 1 43
1813 1 80
1814 1 59
1815 2 131 88
1816 2 67 69
1817 1 15
1818 1 98
1819 2 40 42
1820 1 116
1821 1 1
1822 1 1
1823 1 1
1824 1 61
1825 1 1
1826 1 1
1827 2 129 96
1828 1 1
1829 2 100 10
1830 1 130
1831 1 137
1832 1 62
1833 2 100 10
1834 2 33 4
1835 1 15
1836 1 61
1837 1 99
1838 1 99
1839 1 14
1840 1 64
1841 2 8 53
1842 2 100 10
1843 2 129 96
1844 1 26
1845 1 93
1846 1 93
1847 1 9
1848 1 79
1849 1 137
1850 1 116
1851 1 14
1852 1 14
1853 2 109 85
1854 2 7 147
1855 1 82
1856 1 99
1857 4 125 134 145 127
1858 1 65
1859 3 150 151 115
1860 1 66
1861 1 98
1862 1 15
1863 1 65
1864 2 94 101
1865 2 20 48
1866 1 11
1867 1 66
1868 1 9
1869 1 66
1870 1 130
1871 1 122
1872 1 66
1873 2 17 54
1874 1 66
1875 1 66
1876 4 125 134 145 127
1877 1 130
1878 1 26
1879 1 137
1880 2 52 18
1881 1 20
1882 1 103
1883 1 50
1884 1 11
1885 1 136
1886 2 53 8
1887 1 98
1888 1 40
1889 1 14
1890 2 67 69
1891 1 14
1892 3 120 95 47
1893 1 139
1894 1 98
1895 1 93
1896 1 93
1897 1 69
1898 1 64
1899 1 26
1900 1 1
1901 1 66
1902 1 1
1903 3 25 126 78
1904 2 20 48
1905 1 20
1906 1 55
1907 1 75
1908 1 93
1909 2 52 18
1910 1 97
1911 2 83 148
1912 1 65
1913 1 93
