nbCamions 1914
Id_truck Arrival_time Length Width Height Max_weight Cost
0 84 135 25 29 24000 1500
1 82 135 25 30 25000 1500
2 61 135 25 30 25000 1500
3 15 135 25 30 24000 1500
4 21 135 25 30 26000 1500
5 21 135 25 30 26000 1500
6 68 135 25 30 25000 1500
7 81 135 25 30 24000 1500
8 11 135 25 29 24000 1500
9 63 135 25 29 25000 1500
10 20 135 25 29 24000 1500
11 83 135 25 30 24000 1500
12 18 135 25 26 28000 1500
13 85 135 25 30 26000 1500
14 29 135 25 29 24000 1500
15 75 135 25 30 25000 1500
16 21 135 25 30 25000 1500
17 23 135 25 30 25000 1500
18 81 135 25 30 25000 1500
19 15 135 25 26 25000 1500
20 84 135 25 29 24000 1500
21 64 135 25 29 24000 1500
22 69 135 25 30 25000 1500
23 85 135 25 30 24000 1500
24 88 135 25 30 25000 1500
25 85 135 25 30 24000 1500
26 29 135 25 30 25000 1500
27 29 135 25 30 25000 1500
28 68 135 25 30 26000 1500
29 70 135 25 29 24000 1500
30 71 135 25 30 25000 1500
31 76 135 25 30 25000 1500
32 27 135 25 29 25000 1500
33 76 135 25 30 25000 1500
34 63 135 25 30 25000 1500
35 68 135 25 30 26000 1500
36 77 135 25 30 26000 1500
37 76 135 25 30 26000 1500
38 75 135 25 29 24000 1500
39 61 135 25 26 25000 1500
40 69 135 25 30 25000 1500
41 25 135 25 29 24000 1500
42 81 135 25 30 25000 1500
43 68 135 25 28 25000 1500
44 84 135 25 26 24000 1500
45 81 135 25 30 28000 1500
46 74 135 25 26 25000 1500
47 77 135 25 26 28000 1500
48 18 135 25 30 26000 1500
49 26 135 25 30 28000 1500
50 85 135 25 30 25000 1500
51 85 135 25 30 25000 1500
52 30 135 25 30 26000 1500
53 62 135 25 30 25000 1500
54 64 135 25 29 25000 1500
55 83 135 25 26 25000 1500
56 19 135 25 30 25000 1500
57 29 135 25 30 26000 1500
58 28 135 25 26 25000 1500
59 61 135 25 30 25000 1500
60 61 135 25 30 25000 1500
61 13 135 25 30 25000 1500
62 76 135 25 29 24000 1500
63 88 135 25 28 24000 1500
64 29 135 25 29 24000 1500
65 18 135 25 29 25000 1500
66 78 135 25 30 25000 1500
67 75 135 25 26 24000 1500
68 77 135 25 29 25000 1500
69 60 135 25 30 25000 1500
70 21 135 25 26 28000 1500
71 8 135 25 30 26000 1500
72 84 135 25 30 25000 1500
73 19 135 25 29 24000 1500
74 67 135 25 28 25000 1500
75 22 135 25 26 24000 1500
76 60 135 25 29 25000 1500
77 27 135 25 30 25000 1500
78 75 135 25 30 25000 1500
79 69 135 25 30 25000 1500
80 21 135 25 29 25000 1500
81 22 135 25 30 25000 1500
82 63 135 25 30 28000 1500
83 22 135 25 30 25000 1500
84 69 135 25 30 25000 1500
85 25 135 25 30 24000 1500
86 82 135 25 30 25000 1500
87 78 135 25 29 24000 1500
88 75 135 25 30 25000 1500
89 78 135 25 29 24000 1500
90 19 135 25 26 24000 1500
91 88 135 25 30 25000 1500
92 60 135 25 28 24000 1500
93 27 135 25 30 25000 1500
94 20 135 25 28 25000 1500
95 74 135 25 30 24000 1500
96 12 135 25 30 25000 1500
97 12 135 25 30 25000 1500
98 27 135 25 30 25000 1500
99 15 135 25 30 24000 1500
100 82 135 25 30 25000 1500
101 27 135 25 30 25000 1500
102 27 135 25 30 25000 1500
103 27 135 25 30 25000 1500
104 13 135 25 26 25000 1500
105 19 135 25 30 25000 1500
106 29 135 25 30 24000 1500
107 29 135 25 30 24000 1500
108 84 135 25 29 24000 1500
109 19 135 25 30 25000 1500
110 11 135 25 29 25000 1500
111 12 135 25 30 24000 1500
112 67 135 25 30 25000 1500
113 69 135 25 29 25000 1500
114 81 135 25 30 25000 1500
115 27 135 25 29 24000 1500
116 25 135 25 30 25000 1500
117 25 135 25 30 25000 1500
118 61 135 25 30 24000 1500
119 22 135 25 29 24000 1500
120 22 135 25 29 24000 1500
121 13 135 25 30 24000 1500
122 70 135 25 29 25000 1500
123 71 135 25 30 24000 1500
124 78 135 25 26 24000 1500
125 75 135 25 30 25000 1500
126 70 135 25 29 25000 1500
127 13 135 25 30 25000 1500
128 15 135 25 29 24000 1500
129 62 135 25 30 25000 1500
130 76 135 25 30 25000 1500
131 28 135 25 29 24000 1500
132 25 135 25 30 24000 1500
133 74 135 25 29 24000 1500
134 63 135 25 26 25000 1500
135 11 135 25 30 25000 1500
136 12 135 25 30 25000 1500
137 85 135 25 30 25000 1500
138 61 135 25 30 25000 1500
139 68 135 25 26 24000 1500
140 60 135 25 29 25000 1500
141 70 135 25 29 25000 1500
142 78 135 25 29 25000 1500
143 19 135 25 30 26000 1500
144 69 135 25 29 25000 1500
145 74 135 25 30 25000 1500
146 27 135 25 26 25000 1500
147 81 135 25 30 25000 1500
148 78 135 25 30 25000 1500
149 84 135 25 30 25000 1500
150 63 135 25 30 25000 1500
151 76 135 25 30 24000 1500
152 18 135 25 30 25000 1500
153 18 135 25 30 25000 1500
154 70 135 25 30 25000 1500
155 28 135 25 26 24000 1500
156 22 135 25 30 25000 1500
157 29 135 25 28 25000 1500
158 76 135 25 30 25000 1500
159 63 135 25 29 25000 1500
160 63 135 25 29 25000 1500
161 69 135 25 29 25000 1500
162 76 135 25 28 25000 1500
163 83 135 25 30 24000 1500
164 81 135 25 29 24000 1500
165 28 135 25 30 25000 1500
166 78 135 25 30 26000 1500
167 77 135 25 30 25000 1500
168 26 135 25 30 25000 1500
169 12 135 25 26 25000 1500
170 19 135 25 29 24000 1500
171 71 135 25 30 25000 1500
172 78 135 25 28 25000 1500
173 18 135 25 30 25000 1500
174 77 135 25 30 25000 1500
175 67 135 25 26 28000 1500
176 77 135 25 30 25000 1500
177 76 135 25 29 25000 1500
178 61 135 25 30 25000 1500
179 25 135 25 30 25000 1500
180 29 135 25 30 24000 1500
181 67 135 25 28 25000 1500
182 67 135 25 30 24000 1500
183 85 135 25 30 25000 1500
184 88 135 25 29 25000 1500
185 75 135 25 30 24000 1500
186 78 135 25 30 25000 1500
187 76 135 25 30 25000 1500
188 26 135 25 30 25000 1500
189 63 135 25 28 25000 1500
190 20 135 25 30 26000 1500
191 60 135 25 30 25000 1500
192 84 135 25 26 25000 1500
193 71 135 25 30 28000 1500
194 76 135 25 30 25000 1500
195 13 135 25 30 25000 1500
196 83 135 25 30 25000 1500
197 82 135 25 30 24000 1500
198 63 135 25 30 25000 1500
199 62 135 25 26 25000 1500
200 64 135 25 29 24000 1500
201 83 135 25 30 25000 1500
202 12 135 25 30 25000 1500
203 83 135 25 30 25000 1500
204 77 135 25 30 25000 1500
205 85 135 25 30 25000 1500
206 18 135 25 30 25000 1500
207 63 135 25 30 25000 1500
208 83 135 25 30 25000 1500
209 67 135 25 28 25000 1500
210 27 135 25 29 24000 1500
211 78 135 25 28 24000 1500
212 19 135 25 30 24000 1500
213 20 135 25 30 25000 1500
214 81 135 25 30 24000 1500
215 28 135 25 29 24000 1500
216 20 135 25 30 25000 1500
217 82 135 25 30 25000 1500
218 82 135 25 30 24000 1500
219 82 135 25 30 25000 1500
220 75 135 25 30 24000 1500
221 11 135 25 28 24000 1500
222 75 135 25 30 24000 1500
223 69 135 25 28 24000 1500
224 22 135 25 30 25000 1500
225 81 135 25 30 25000 1500
226 81 135 25 30 25000 1500
227 76 135 25 30 24000 1500
228 21 135 25 30 25000 1500
229 21 135 25 30 25000 1500
230 28 135 25 29 24000 1500
231 25 135 25 30 25000 1500
232 60 135 25 29 24000 1500
233 19 135 25 30 25000 1500
234 19 135 25 30 25000 1500
235 85 135 25 28 24000 1500
236 68 135 25 29 24000 1500
237 68 135 25 29 24000 1500
238 60 135 25 30 25000 1500
239 60 135 25 30 25000 1500
240 28 135 25 30 25000 1500
241 28 135 25 30 25000 1500
242 61 135 25 30 25000 1500
243 18 135 25 30 25000 1500
244 22 135 25 29 25000 1500
245 9 135 25 30 25000 1500
246 29 135 25 30 26000 1500
247 22 135 25 29 25000 1500
248 69 135 25 26 24000 1500
249 29 135 25 30 26000 1500
250 68 135 25 30 25000 1500
251 69 135 25 26 24000 1500
252 65 135 25 30 25000 1500
253 67 135 25 26 24000 1500
254 68 135 25 30 25000 1500
255 28 135 25 30 25000 1500
256 84 135 25 30 25000 1500
257 84 135 25 30 25000 1500
258 76 135 25 29 24000 1500
259 15 135 25 30 25000 1500
260 28 135 25 30 25000 1500
261 68 135 25 29 24000 1500
262 28 135 25 30 25000 1500
263 28 135 25 30 25000 1500
264 83 135 25 30 25000 1500
265 28 135 25 30 25000 1500
266 29 135 25 29 24000 1500
267 29 135 25 30 25000 1500
268 71 135 25 30 25000 1500
269 29 135 25 29 24000 1500
270 27 135 25 30 25000 1500
271 70 135 25 30 25000 1500
272 74 135 25 30 24000 1500
273 82 135 25 30 25000 1500
274 74 135 25 30 25000 1500
275 78 135 25 29 25000 1500
276 61 135 25 30 25000 1500
277 78 135 25 29 25000 1500
278 68 135 25 29 24000 1500
279 85 135 25 30 24000 1500
280 68 135 25 30 26000 1500
281 19 135 25 28 24000 1500
282 74 135 25 30 25000 1500
283 12 135 25 30 28000 1500
284 22 135 25 28 25000 1500
285 67 135 25 30 25000 1500
286 77 135 25 30 25000 1500
287 67 135 25 29 24000 1500
288 21 135 25 30 25000 1500
289 84 135 25 30 24000 1500
290 83 135 25 30 25000 1500
291 29 135 25 28 25000 1500
292 74 135 25 28 25000 1500
293 78 135 25 30 25000 1500
294 67 135 25 29 24000 1500
295 71 135 25 26 25000 1500
296 25 135 25 29 24000 1500
297 67 135 25 29 24000 1500
298 8 135 25 28 25000 1500
299 78 135 25 29 25000 1500
300 85 135 25 29 24000 1500
301 15 135 25 28 25000 1500
302 67 135 25 30 26000 1500
303 25 135 25 29 25000 1500
304 13 135 25 30 25000 1500
305 13 135 25 30 25000 1500
306 13 135 25 30 25000 1500
307 75 135 25 28 24000 1500
308 28 135 25 28 25000 1500
309 76 135 25 30 25000 1500
310 20 135 25 30 25000 1500
311 18 135 25 29 25000 1500
312 67 135 25 30 25000 1500
313 29 135 25 30 24000 1500
314 85 135 25 29 25000 1500
315 63 135 25 26 25000 1500
316 88 135 25 30 25000 1500
317 69 135 25 30 25000 1500
318 77 135 25 29 25000 1500
319 11 135 25 30 25000 1500
320 69 135 25 30 25000 1500
321 19 135 25 29 25000 1500
322 26 135 25 29 25000 1500
323 20 135 25 26 24000 1500
324 83 135 25 29 24000 1500
325 20 135 25 30 25000 1500
326 20 135 25 26 24000 1500
327 20 135 25 30 25000 1500
328 74 135 25 30 25000 1500
329 72 135 25 30 25000 1500
330 71 135 25 30 25000 1500
331 88 135 25 30 25000 1500
332 77 135 25 26 24000 1500
333 70 135 25 30 25000 1500
334 74 135 25 30 25000 1500
335 62 135 25 29 25000 1500
336 26 135 25 30 25000 1500
337 28 135 25 29 25000 1500
338 28 135 25 29 25000 1500
339 26 135 25 30 25000 1500
340 26 135 25 30 25000 1500
341 26 135 25 30 25000 1500
342 8 135 25 30 25000 1500
343 75 135 25 29 24000 1500
344 13 135 25 30 25000 1500
345 82 135 25 30 25000 1500
346 25 135 25 30 25000 1500
347 85 135 25 29 24000 1500
348 18 135 25 26 24000 1500
349 19 135 25 30 25000 1500
350 72 135 25 30 25000 1500
351 15 135 25 30 25000 1500
352 68 135 25 30 24000 1500
353 13 135 25 30 25000 1500
354 68 135 25 30 24000 1500
355 26 135 25 29 24000 1500
356 15 135 25 30 25000 1500
357 15 135 25 30 25000 1500
358 15 135 25 30 25000 1500
359 21 135 25 30 25000 1500
360 74 135 25 29 24000 1500
361 88 135 25 26 28000 1500
362 71 135 25 29 24000 1500
363 64 135 25 30 24000 1500
364 63 135 25 30 25000 1500
365 20 135 25 30 25000 1500
366 64 135 25 30 25000 1500
367 19 135 25 30 24000 1500
368 26 135 25 30 24000 1500
369 19 135 25 30 24000 1500
370 79 135 25 30 25000 1500
371 26 135 25 30 25000 1500
372 84 135 25 29 25000 1500
373 28 135 25 29 25000 1500
374 26 135 25 30 25000 1500
375 82 135 25 29 25000 1500
376 63 135 25 30 25000 1500
377 63 135 25 30 25000 1500
378 83 135 25 30 25000 1500
379 63 135 25 30 25000 1500
380 63 135 25 30 25000 1500
381 13 135 25 26 25000 1500
382 71 135 25 30 25000 1500
383 71 135 25 30 25000 1500
384 13 135 25 29 24000 1500
385 27 135 25 30 25000 1500
386 68 135 25 30 25000 1500
387 61 135 25 29 25000 1500
388 68 135 25 28 24000 1500
389 74 135 25 29 24000 1500
390 83 135 25 30 24000 1500
391 74 135 25 30 25000 1500
392 83 135 25 28 25000 1500
393 29 135 25 26 25000 1500
394 22 135 25 30 25000 1500
395 12 135 25 30 25000 1500
396 19 135 25 30 25000 1500
397 27 135 25 30 24000 1500
398 26 135 25 30 25000 1500
399 21 135 25 30 25000 1500
400 18 135 25 28 25000 1500
401 61 135 25 30 25000 1500
402 75 135 25 30 26000 1500
403 19 135 25 29 24000 1500
404 68 135 25 29 25000 1500
405 62 135 25 30 25000 1500
406 74 135 25 29 24000 1500
407 82 135 25 30 28000 1500
408 62 135 25 30 25000 1500
409 29 135 25 30 25000 1500
410 26 135 25 30 24000 1500
411 29 135 25 30 25000 1500
412 76 135 25 26 25000 1500
413 76 135 25 30 24000 1500
414 86 135 25 30 26000 1500
415 22 135 25 29 25000 1500
416 68 135 25 30 25000 1500
417 74 135 25 26 24000 1500
418 81 135 25 29 24000 1500
419 78 135 25 29 24000 1500
420 21 135 25 30 24000 1500
421 28 135 25 30 24000 1500
422 21 135 25 28 25000 1500
423 68 135 25 30 25000 1500
424 29 135 25 30 25000 1500
425 88 135 25 30 25000 1500
426 85 135 25 29 24000 1500
427 29 135 25 30 24000 1500
428 22 135 25 30 25000 1500
429 75 135 25 30 25000 1500
430 75 135 25 30 25000 1500
431 64 135 25 30 25000 1500
432 63 135 25 30 25000 1500
433 15 135 25 29 24000 1500
434 8 135 25 30 25000 1500
435 84 135 25 28 25000 1500
436 61 135 25 30 25000 1500
437 88 135 25 30 26000 1500
438 19 135 25 29 24000 1500
439 15 135 25 30 24000 1500
440 18 135 25 28 25000 1500
441 70 135 25 30 25000 1500
442 77 135 25 30 25000 1500
443 77 135 25 30 25000 1500
444 15 135 25 29 24000 1500
445 28 135 25 30 25000 1500
446 69 135 25 30 25000 1500
447 19 135 25 30 24000 1500
448 88 135 25 26 24000 1500
449 20 135 25 30 26000 1500
450 20 135 25 30 26000 1500
451 85 135 25 30 24000 1500
452 82 135 25 29 25000 1500
453 67 135 25 30 25000 1500
454 22 135 25 30 26000 1500
455 67 135 25 30 25000 1500
456 12 135 25 30 25000 1500
457 22 135 25 30 26000 1500
458 85 135 25 28 25000 1500
459 18 135 25 30 25000 1500
460 60 135 25 30 24000 1500
461 64 135 25 30 25000 1500
462 26 135 25 29 25000 1500
463 65 135 25 30 25000 1500
464 28 135 25 30 25000 1500
465 7 135 25 30 25000 1500
466 62 135 25 30 24000 1500
467 20 135 25 30 25000 1500
468 61 135 25 29 25000 1500
469 26 135 25 30 25000 1500
470 22 135 25 28 24000 1500
471 88 135 25 29 25000 1500
472 63 135 25 30 24000 1500
473 68 135 25 30 25000 1500
474 29 135 25 30 24000 1500
475 85 135 25 29 24000 1500
476 78 135 25 30 25000 1500
477 63 135 25 30 25000 1500
478 60 135 25 29 24000 1500
479 12 135 25 30 25000 1500
480 82 135 25 29 24000 1500
481 21 135 25 30 24000 1500
482 63 135 25 30 25000 1500
483 71 135 25 30 25000 1500
484 88 135 25 29 24000 1500
485 7 135 25 30 25000 1500
486 60 135 25 30 24000 1500
487 60 135 25 29 25000 1500
488 60 135 25 30 25000 1500
489 74 135 25 28 25000 1500
490 82 135 25 30 25000 1500
491 78 135 25 30 24000 1500
492 69 135 25 28 25000 1500
493 67 135 25 30 25000 1500
494 82 135 25 30 25000 1500
495 27 135 25 30 24000 1500
496 64 135 25 30 24000 1500
497 27 135 25 28 25000 1500
498 13 135 25 29 25000 1500
499 64 135 25 30 24000 1500
500 77 135 25 29 25000 1500
501 62 135 25 28 24000 1500
502 77 135 25 29 25000 1500
503 68 135 25 29 24000 1500
504 25 135 25 29 25000 1500
505 63 135 25 29 24000 1500
506 88 135 25 30 25000 1500
507 62 135 25 30 25000 1500
508 85 135 25 29 24000 1500
509 78 135 25 28 25000 1500
510 81 135 25 29 25000 1500
511 85 135 25 29 24000 1500
512 28 135 25 26 25000 1500
513 70 135 25 30 25000 1500
514 12 135 25 29 24000 1500
515 83 135 25 30 24000 1500
516 78 135 25 30 25000 1500
517 18 135 25 29 25000 1500
518 61 135 25 30 25000 1500
519 28 135 25 30 25000 1500
520 84 135 25 30 26000 1500
521 68 135 25 29 24000 1500
522 68 135 25 26 24000 1500
523 60 135 25 30 25000 1500
524 64 135 25 28 25000 1500
525 64 135 25 29 24000 1500
526 81 135 25 30 25000 1500
527 22 135 25 30 26000 1500
528 21 135 25 29 25000 1500
529 29 135 25 29 25000 1500
530 84 135 25 30 25000 1500
531 63 135 25 29 24000 1500
532 74 135 25 29 25000 1500
533 88 135 25 30 24000 1500
534 75 135 25 30 25000 1500
535 78 135 25 30 25000 1500
536 25 135 25 30 25000 1500
537 77 135 25 29 25000 1500
538 82 135 25 30 24000 1500
539 19 135 25 30 25000 1500
540 22 135 25 30 24000 1500
541 18 135 25 29 25000 1500
542 22 135 25 28 25000 1500
543 26 135 25 30 24000 1500
544 63 135 25 29 24000 1500
545 67 135 25 29 25000 1500
546 20 135 25 29 24000 1500
547 15 135 25 29 25000 1500
548 82 135 25 30 25000 1500
549 20 135 25 30 25000 1500
550 84 135 25 30 25000 1500
551 19 135 25 30 25000 1500
552 21 135 25 29 24000 1500
553 19 135 25 30 25000 1500
554 19 135 25 30 25000 1500
555 76 135 25 30 24000 1500
556 84 135 25 30 25000 1500
557 12 135 25 30 24000 1500
558 62 135 25 29 25000 1500
559 82 135 25 30 25000 1500
560 63 135 25 30 25000 1500
561 64 135 25 30 24000 1500
562 60 135 25 30 28000 1500
563 61 135 25 29 25000 1500
564 28 135 25 30 24000 1500
565 29 135 25 28 24000 1500
566 64 135 25 29 24000 1500
567 71 135 25 30 24000 1500
568 68 135 25 30 24000 1500
569 70 135 25 26 24000 1500
570 70 135 25 26 24000 1500
571 71 135 25 29 24000 1500
572 28 135 25 30 28000 1500
573 22 135 25 30 25000 1500
574 21 135 25 30 25000 1500
575 16 135 25 30 25000 1500
576 22 135 25 29 24000 1500
577 28 135 25 30 24000 1500
578 67 135 25 26 25000 1500
579 13 135 25 30 25000 1500
580 75 135 25 30 25000 1500
581 15 135 25 28 24000 1500
582 11 135 25 30 25000 1500
583 12 135 25 30 24000 1500
584 19 135 25 30 25000 1500
585 76 135 25 29 24000 1500
586 19 135 25 30 25000 1500
587 18 135 25 30 25000 1500
588 16 135 25 30 25000 1500
589 81 135 25 28 24000 1500
590 70 135 25 30 25000 1500
591 70 135 25 30 25000 1500
592 69 135 25 30 24000 1500
593 82 135 25 30 24000 1500
594 82 135 25 30 24000 1500
595 21 135 25 29 25000 1500
596 21 135 25 29 25000 1500
597 71 135 25 30 24000 1500
598 28 135 25 30 25000 1500
599 12 135 25 30 25000 1500
600 27 135 25 30 25000 1500
601 27 135 25 30 25000 1500
602 12 135 25 30 25000 1500
603 12 135 25 30 25000 1500
604 22 135 25 30 25000 1500
605 12 135 25 30 25000 1500
606 19 135 25 30 25000 1500
607 75 135 25 30 25000 1500
608 78 135 25 29 24000 1500
609 75 135 25 30 25000 1500
610 64 135 25 30 25000 1500
611 77 135 25 30 25000 1500
612 67 135 25 28 24000 1500
613 83 135 25 30 25000 1500
614 15 135 25 30 24000 1500
615 15 135 25 30 24000 1500
616 74 135 25 30 26000 1500
617 15 135 25 28 25000 1500
618 85 135 25 30 25000 1500
619 76 135 25 30 25000 1500
620 18 135 25 28 24000 1500
621 61 135 25 29 24000 1500
622 12 135 25 30 25000 1500
623 12 135 25 30 25000 1500
624 69 135 25 30 26000 1500
625 69 135 25 30 26000 1500
626 29 135 25 26 24000 1500
627 76 135 25 30 25000 1500
628 76 135 25 30 25000 1500
629 68 135 25 30 25000 1500
630 78 135 25 29 24000 1500
631 63 135 25 30 24000 1500
632 20 135 25 30 25000 1500
633 76 135 25 30 25000 1500
634 11 135 25 29 25000 1500
635 21 135 25 30 25000 1500
636 74 135 25 30 25000 1500
637 82 135 25 30 25000 1500
638 84 135 25 30 24000 1500
639 61 135 25 30 28000 1500
640 26 135 25 30 25000 1500
641 82 135 25 30 25000 1500
642 88 135 25 30 25000 1500
643 27 135 25 29 24000 1500
644 15 135 25 30 26000 1500
645 22 135 25 29 24000 1500
646 63 135 25 28 25000 1500
647 67 135 25 30 25000 1500
648 75 135 25 29 25000 1500
649 67 135 25 30 25000 1500
650 68 135 25 30 24000 1500
651 64 135 25 30 25000 1500
652 76 135 25 29 25000 1500
653 62 135 25 30 25000 1500
654 75 135 25 29 25000 1500
655 62 135 25 30 25000 1500
656 20 135 25 29 24000 1500
657 26 135 25 26 25000 1500
658 71 135 25 29 25000 1500
659 74 135 25 30 25000 1500
660 12 135 25 30 25000 1500
661 28 135 25 30 25000 1500
662 77 135 25 30 25000 1500
663 85 135 25 30 25000 1500
664 84 135 25 30 25000 1500
665 75 135 25 30 28000 1500
666 81 135 25 30 25000 1500
667 25 135 25 30 25000 1500
668 84 135 25 30 25000 1500
669 82 135 25 30 26000 1500
670 60 135 25 30 25000 1500
671 26 135 25 26 25000 1500
672 67 135 25 26 24000 1500
673 15 135 25 30 24000 1500
674 26 135 25 26 24000 1500
675 78 135 25 30 24000 1500
676 78 135 25 30 24000 1500
677 15 135 25 29 24000 1500
678 84 135 25 30 24000 1500
679 76 135 25 30 25000 1500
680 62 135 25 26 24000 1500
681 62 135 25 26 24000 1500
682 22 135 25 30 25000 1500
683 63 135 25 30 25000 1500
684 22 135 25 30 25000 1500
685 70 135 25 29 25000 1500
686 64 135 25 29 24000 1500
687 11 135 25 30 26000 1500
688 81 135 25 30 25000 1500
689 60 135 25 26 25000 1500
690 22 135 25 29 24000 1500
691 26 135 25 29 24000 1500
692 78 135 25 30 25000 1500
693 83 135 25 30 25000 1500
694 79 135 25 30 25000 1500
695 63 135 25 26 24000 1500
696 21 135 25 30 25000 1500
697 12 135 25 30 25000 1500
698 26 135 25 29 24000 1500
699 15 135 25 30 25000 1500
700 88 135 25 30 24000 1500
701 62 135 25 30 25000 1500
702 29 135 25 29 24000 1500
703 29 135 25 29 24000 1500
704 60 135 25 28 25000 1500
705 70 135 25 30 26000 1500
706 70 135 25 30 26000 1500
707 60 135 25 30 25000 1500
708 75 135 25 29 25000 1500
709 12 135 25 29 25000 1500
710 76 135 25 30 25000 1500
711 28 135 25 30 25000 1500
712 11 135 25 30 25000 1500
713 79 135 25 30 25000 1500
714 27 135 25 30 25000 1500
715 70 135 25 30 25000 1500
716 75 135 25 30 25000 1500
717 69 135 25 30 25000 1500
718 27 135 25 30 24000 1500
719 19 135 25 26 25000 1500
720 74 135 25 30 25000 1500
721 74 135 25 26 24000 1500
722 63 135 25 30 25000 1500
723 78 135 25 29 25000 1500
724 63 135 25 30 25000 1500
725 26 135 25 30 24000 1500
726 71 135 25 29 24000 1500
727 64 135 25 30 28000 1500
728 19 135 25 30 25000 1500
729 75 135 25 30 24000 1500
730 26 135 25 30 24000 1500
731 19 135 25 30 24000 1500
732 85 135 25 28 25000 1500
733 27 135 25 30 25000 1500
734 71 135 25 30 25000 1500
735 62 135 25 29 24000 1500
736 61 135 25 30 25000 1500
737 69 135 25 30 25000 1500
738 69 135 25 30 25000 1500
739 20 135 25 29 24000 1500
740 60 135 25 30 25000 1500
741 60 135 25 30 25000 1500
742 60 135 25 30 25000 1500
743 15 135 25 26 24000 1500
744 76 135 25 26 25000 1500
745 82 135 25 30 25000 1500
746 26 135 25 30 25000 1500
747 26 135 25 30 25000 1500
748 60 135 25 30 25000 1500
749 88 135 25 29 24000 1500
750 83 135 25 30 25000 1500
751 23 135 25 30 25000 1500
752 13 135 25 29 24000 1500
753 19 135 25 26 25000 1500
754 69 135 25 30 25000 1500
755 60 135 25 29 25000 1500
756 60 135 25 29 25000 1500
757 15 135 25 30 25000 1500
758 25 135 25 30 25000 1500
759 67 135 25 30 25000 1500
760 85 135 25 30 25000 1500
761 75 135 25 29 24000 1500
762 15 135 25 30 25000 1500
763 82 135 25 26 25000 1500
764 85 135 25 29 25000 1500
765 85 135 25 29 25000 1500
766 75 135 25 26 25000 1500
767 11 135 25 29 25000 1500
768 25 135 25 30 26000 1500
769 22 135 25 29 25000 1500
770 75 135 25 26 25000 1500
771 84 135 25 29 24000 1500
772 21 135 25 29 25000 1500
773 82 135 25 26 25000 1500
774 26 135 25 30 26000 1500
775 69 135 25 30 25000 1500
776 71 135 25 29 24000 1500
777 64 135 25 30 25000 1500
778 85 135 25 30 26000 1500
779 64 135 25 29 24000 1500
780 82 135 25 29 25000 1500
781 8 135 25 30 25000 1500
782 69 135 25 29 24000 1500
783 62 135 25 30 25000 1500
784 13 135 25 29 24000 1500
785 27 135 25 26 25000 1500
786 75 135 25 30 25000 1500
787 82 135 25 30 24000 1500
788 75 135 25 29 24000 1500
789 81 135 25 28 25000 1500
790 26 135 25 30 24000 1500
791 26 135 25 29 24000 1500
792 29 135 25 30 25000 1500
793 83 135 25 29 24000 1500
794 68 135 25 26 25000 1500
795 64 135 25 30 25000 1500
796 13 135 25 30 25000 1500
797 76 135 25 30 25000 1500
798 12 135 25 26 24000 1500
799 22 135 25 28 24000 1500
800 68 135 25 26 25000 1500
801 25 135 25 29 25000 1500
802 81 135 25 30 25000 1500
803 70 135 25 29 25000 1500
804 26 135 25 30 25000 1500
805 19 135 25 30 24000 1500
806 75 135 25 30 24000 1500
807 15 135 25 30 25000 1500
808 63 135 25 30 24000 1500
809 78 135 25 28 24000 1500
810 28 135 25 30 25000 1500
811 71 135 25 30 25000 1500
812 71 135 25 30 25000 1500
813 28 135 25 30 25000 1500
814 28 135 25 30 25000 1500
815 83 135 25 30 25000 1500
816 64 135 25 30 24000 1500
817 15 135 25 29 24000 1500
818 15 135 25 29 24000 1500
819 23 135 25 30 25000 1500
820 25 135 25 26 24000 1500
821 26 135 25 29 24000 1500
822 62 135 25 30 26000 1500
823 62 135 25 30 26000 1500
824 12 135 25 30 25000 1500
825 71 135 25 30 25000 1500
826 21 135 25 26 24000 1500
827 21 135 25 26 24000 1500
828 68 135 25 30 25000 1500
829 68 135 25 30 25000 1500
830 71 135 25 30 25000 1500
831 71 135 25 30 25000 1500
832 71 135 25 30 25000 1500
833 75 135 25 30 24000 1500
834 70 135 25 26 28000 1500
835 29 135 25 30 25000 1500
836 26 135 25 30 25000 1500
837 64 135 25 26 25000 1500
838 83 135 25 30 25000 1500
839 62 135 25 29 25000 1500
840 29 135 25 28 24000 1500
841 82 135 25 29 24000 1500
842 76 135 25 29 24000 1500
843 60 135 25 30 25000 1500
844 19 135 25 30 28000 1500
845 64 135 25 30 24000 1500
846 85 135 25 28 24000 1500
847 74 135 25 30 25000 1500
848 29 135 25 30 25000 1500
849 88 135 25 30 25000 1500
850 67 135 25 29 25000 1500
851 82 135 25 29 24000 1500
852 21 135 25 30 25000 1500
853 21 135 25 30 25000 1500
854 19 135 25 29 24000 1500
855 27 135 25 30 25000 1500
856 74 135 25 28 25000 1500
857 20 135 25 30 25000 1500
858 18 135 25 30 25000 1500
859 28 135 25 29 25000 1500
860 26 135 25 30 25000 1500
861 22 135 25 29 24000 1500
862 82 135 25 29 24000 1500
863 82 135 25 29 24000 1500
864 78 135 25 30 25000 1500
865 78 135 25 30 25000 1500
866 81 135 25 29 25000 1500
867 21 135 25 30 25000 1500
868 68 135 25 30 25000 1500
869 18 135 25 29 24000 1500
870 62 135 25 30 25000 1500
871 25 135 25 30 25000 1500
872 22 135 25 30 25000 1500
873 82 135 25 26 24000 1500
874 74 135 25 26 28000 1500
875 25 135 25 30 25000 1500
876 84 135 25 30 25000 1500
877 78 135 25 30 26000 1500
878 26 135 25 29 25000 1500
879 29 135 25 29 25000 1500
880 67 135 25 30 25000 1500
881 27 135 25 30 24000 1500
882 19 135 25 29 25000 1500
883 77 135 25 30 25000 1500
884 61 135 25 30 25000 1500
885 77 135 25 29 24000 1500
886 64 135 25 30 25000 1500
887 81 135 25 28 25000 1500
888 11 135 25 28 25000 1500
889 28 135 25 29 24000 1500
890 64 135 25 30 25000 1500
891 67 135 25 30 25000 1500
892 77 135 25 30 25000 1500
893 64 135 25 30 25000 1500
894 19 135 25 30 25000 1500
895 25 135 25 30 25000 1500
896 81 135 25 26 24000 1500
897 20 135 25 29 25000 1500
898 84 135 25 29 25000 1500
899 30 135 25 30 25000 1500
900 64 135 25 30 25000 1500
901 25 135 25 28 24000 1500
902 85 135 25 29 25000 1500
903 12 135 25 26 25000 1500
904 8 135 25 30 25000 1500
905 83 135 25 26 25000 1500
906 30 135 25 30 25000 1500
907 26 135 25 30 25000 1500
908 63 135 25 30 25000 1500
909 60 135 25 30 25000 1500
910 71 135 25 30 24000 1500
911 71 135 25 26 25000 1500
912 75 135 25 29 24000 1500
913 13 135 25 30 25000 1500
914 83 135 25 29 25000 1500
915 68 135 25 30 24000 1500
916 61 135 25 30 24000 1500
917 88 135 25 29 25000 1500
918 83 135 25 29 24000 1500
919 68 135 25 30 24000 1500
920 62 135 25 30 25000 1500
921 63 135 25 29 25000 1500
922 76 135 25 30 25000 1500
923 60 135 25 30 24000 1500
924 64 135 25 30 24000 1500
925 27 135 25 30 25000 1500
926 15 135 25 30 25000 1500
927 15 135 25 30 25000 1500
928 62 135 25 30 25000 1500
929 62 135 25 30 25000 1500
930 68 135 25 30 25000 1500
931 19 135 25 29 25000 1500
932 63 135 25 30 25000 1500
933 85 135 25 26 24000 1500
934 22 135 25 30 24000 1500
935 64 135 25 30 25000 1500
936 64 135 25 30 25000 1500
937 22 135 25 30 24000 1500
938 84 135 25 30 25000 1500
939 8 135 25 30 25000 1500
940 11 135 25 30 25000 1500
941 70 135 25 30 25000 1500
942 68 135 25 30 25000 1500
943 68 135 25 30 25000 1500
944 68 135 25 30 25000 1500
945 70 135 25 30 25000 1500
946 12 135 25 30 25000 1500
947 12 135 25 30 25000 1500
948 77 135 25 30 25000 1500
949 15 135 25 30 25000 1500
950 61 135 25 30 25000 1500
951 27 135 25 30 25000 1500
952 26 135 25 30 26000 1500
953 26 135 25 30 26000 1500
954 77 135 25 30 28000 1500
955 64 135 25 29 24000 1500
956 64 135 25 29 24000 1500
957 88 135 25 30 24000 1500
958 74 135 25 30 25000 1500
959 81 135 25 26 28000 1500
960 75 135 25 26 25000 1500
961 70 135 25 30 25000 1500
962 71 135 25 29 24000 1500
963 9 135 25 30 25000 1500
964 75 135 25 30 25000 1500
965 78 135 25 29 24000 1500
966 26 135 25 30 25000 1500
967 29 135 25 30 25000 1500
968 78 135 25 30 25000 1500
969 19 135 25 30 25000 1500
970 78 135 25 30 25000 1500
971 72 135 25 30 26000 1500
972 65 135 25 30 25000 1500
973 18 135 25 30 25000 1500
974 67 135 25 30 25000 1500
975 78 135 25 29 25000 1500
976 25 135 25 30 25000 1500
977 12 135 25 30 26000 1500
978 20 135 25 30 25000 1500
979 11 135 25 26 24000 1500
980 8 135 25 30 25000 1500
981 83 135 25 28 24000 1500
982 67 135 25 29 24000 1500
983 83 135 25 30 25000 1500
984 83 135 25 30 25000 1500
985 18 135 25 30 24000 1500
986 21 135 25 30 25000 1500
987 70 135 25 26 24000 1500
988 88 135 25 26 25000 1500
989 21 135 25 30 28000 1500
990 71 135 25 29 24000 1500
991 22 135 25 29 25000 1500
992 84 135 25 29 24000 1500
993 85 135 25 30 25000 1500
994 28 135 25 30 25000 1500
995 25 135 25 28 25000 1500
996 78 135 25 30 25000 1500
997 77 135 25 30 24000 1500
998 18 135 25 30 28000 1500
999 19 135 25 26 25000 1500
1000 82 135 25 30 25000 1500
1001 70 135 25 29 24000 1500
1002 81 135 25 29 25000 1500
1003 18 135 25 30 25000 1500
1004 68 135 25 30 28000 1500
1005 70 135 25 29 24000 1500
1006 22 135 25 29 24000 1500
1007 26 135 25 28 25000 1500
1008 27 135 25 26 24000 1500
1009 22 135 25 30 25000 1500
1010 22 135 25 30 25000 1500
1011 27 135 25 26 24000 1500
1012 69 135 25 30 24000 1500
1013 62 135 25 30 25000 1500
1014 62 135 25 30 25000 1500
1015 61 135 25 30 24000 1500
1016 12 135 25 30 25000 1500
1017 74 135 25 30 25000 1500
1018 11 135 25 30 25000 1500
1019 28 135 25 29 25000 1500
1020 81 135 25 30 26000 1500
1021 77 135 25 26 25000 1500
1022 64 135 25 29 25000 1500
1023 28 135 25 29 25000 1500
1024 81 135 25 30 25000 1500
1025 21 135 25 30 25000 1500
1026 75 135 25 30 25000 1500
1027 74 135 25 29 25000 1500
1028 60 135 25 30 25000 1500
1029 62 135 25 30 24000 1500
1030 76 135 25 30 24000 1500
1031 13 135 25 29 25000 1500
1032 19 135 25 30 25000 1500
1033 18 135 25 26 25000 1500
1034 27 135 25 29 25000 1500
1035 19 135 25 30 25000 1500
1036 8 135 25 30 25000 1500
1037 9 135 25 30 25000 1500
1038 9 135 25 30 25000 1500
1039 15 135 25 29 25000 1500
1040 13 135 25 28 25000 1500
1041 62 135 25 29 24000 1500
1042 76 135 25 30 25000 1500
1043 26 135 25 28 24000 1500
1044 21 135 25 26 25000 1500
1045 68 135 25 30 25000 1500
1046 21 135 25 28 25000 1500
1047 75 135 25 30 25000 1500
1048 22 135 25 29 24000 1500
1049 62 135 25 30 26000 1500
1050 15 135 25 29 25000 1500
1051 70 135 25 30 25000 1500
1052 29 135 25 30 25000 1500
1053 68 135 25 29 25000 1500
1054 83 135 25 30 25000 1500
1055 77 135 25 30 25000 1500
1056 63 135 25 30 26000 1500
1057 63 135 25 30 26000 1500
1058 85 135 25 30 25000 1500
1059 22 135 25 30 25000 1500
1060 28 135 25 30 25000 1500
1061 61 135 25 30 26000 1500
1062 78 135 25 29 24000 1500
1063 63 135 25 30 25000 1500
1064 12 135 25 30 25000 1500
1065 22 135 25 30 25000 1500
1066 22 135 25 30 25000 1500
1067 22 135 25 30 25000 1500
1068 20 135 25 30 24000 1500
1069 18 135 25 30 25000 1500
1070 60 135 25 26 25000 1500
1071 20 135 25 30 25000 1500
1072 20 135 25 30 25000 1500
1073 77 135 25 30 25000 1500
1074 84 135 25 30 25000 1500
1075 83 135 25 29 25000 1500
1076 18 135 25 30 25000 1500
1077 15 135 25 29 25000 1500
1078 18 135 25 29 24000 1500
1079 85 135 25 30 24000 1500
1080 70 135 25 30 25000 1500
1081 60 135 25 26 24000 1500
1082 67 135 25 30 25000 1500
1083 11 135 25 30 25000 1500
1084 78 135 25 30 25000 1500
1085 12 135 25 30 25000 1500
1086 69 135 25 29 24000 1500
1087 67 135 25 30 25000 1500
1088 71 135 25 29 25000 1500
1089 62 135 25 28 25000 1500
1090 75 135 25 30 24000 1500
1091 18 135 25 30 24000 1500
1092 13 135 25 30 25000 1500
1093 62 135 25 30 24000 1500
1094 85 135 25 26 25000 1500
1095 64 135 25 30 25000 1500
1096 60 135 25 29 24000 1500
1097 75 135 25 29 25000 1500
1098 77 135 25 30 24000 1500
1099 13 135 25 30 25000 1500
1100 13 135 25 30 25000 1500
1101 68 135 25 30 25000 1500
1102 11 135 25 30 24000 1500
1103 61 135 25 29 24000 1500
1104 25 135 25 26 28000 1500
1105 67 135 25 30 25000 1500
1106 70 135 25 28 25000 1500
1107 64 135 25 26 24000 1500
1108 22 135 25 26 25000 1500
1109 67 135 25 30 28000 1500
1110 68 135 25 29 25000 1500
1111 12 135 25 30 24000 1500
1112 74 135 25 29 25000 1500
1113 78 135 25 30 24000 1500
1114 8 135 25 30 25000 1500
1115 77 135 25 30 25000 1500
1116 11 135 25 30 25000 1500
1117 71 135 25 30 24000 1500
1118 69 135 25 30 25000 1500
1119 60 135 25 29 24000 1500
1120 63 135 25 26 24000 1500
1121 21 135 25 30 25000 1500
1122 63 135 25 26 24000 1500
1123 88 135 25 30 25000 1500
1124 13 135 25 29 24000 1500
1125 88 135 25 30 25000 1500
1126 81 135 25 30 25000 1500
1127 60 135 25 29 24000 1500
1128 85 135 25 30 25000 1500
1129 25 135 25 28 25000 1500
1130 27 135 25 30 25000 1500
1131 74 135 25 29 25000 1500
1132 70 135 25 30 24000 1500
1133 77 135 25 29 24000 1500
1134 71 135 25 28 25000 1500
1135 82 135 25 30 25000 1500
1136 12 135 25 30 25000 1500
1137 74 135 25 30 25000 1500
1138 21 135 25 30 24000 1500
1139 15 135 25 29 25000 1500
1140 61 135 25 29 24000 1500
1141 60 135 25 29 24000 1500
1142 81 135 25 30 25000 1500
1143 77 135 25 29 25000 1500
1144 67 135 25 26 25000 1500
1145 29 135 25 29 24000 1500
1146 28 135 25 29 24000 1500
1147 61 135 25 26 24000 1500
1148 63 135 25 26 28000 1500
1149 85 135 25 30 25000 1500
1150 77 135 25 30 25000 1500
1151 84 135 25 29 25000 1500
1152 84 135 25 29 25000 1500
1153 19 135 25 30 25000 1500
1154 61 135 25 29 24000 1500
1155 71 135 25 28 25000 1500
1156 21 135 25 30 25000 1500
1157 15 135 25 30 25000 1500
1158 19 135 25 30 25000 1500
1159 29 135 25 30 25000 1500
1160 7 135 25 29 24000 1500
1161 70 135 25 30 24000 1500
1162 27 135 25 30 25000 1500
1163 71 135 25 30 26000 1500
1164 71 135 25 30 26000 1500
1165 13 135 25 30 26000 1500
1166 13 135 25 30 26000 1500
1167 11 135 25 30 25000 1500
1168 68 135 25 29 24000 1500
1169 15 135 25 28 24000 1500
1170 74 135 25 28 24000 1500
1171 13 135 25 30 25000 1500
1172 71 135 25 30 25000 1500
1173 62 135 25 28 25000 1500
1174 71 135 25 30 24000 1500
1175 71 135 25 30 24000 1500
1176 60 135 25 30 25000 1500
1177 18 135 25 30 25000 1500
1178 28 135 25 30 25000 1500
1179 13 135 25 30 24000 1500
1180 84 135 25 30 25000 1500
1181 19 135 25 30 25000 1500
1182 25 135 25 29 24000 1500
1183 60 135 25 28 25000 1500
1184 85 135 25 29 25000 1500
1185 7 135 25 30 25000 1500
1186 22 135 25 30 25000 1500
1187 12 135 25 30 25000 1500
1188 15 135 25 30 25000 1500
1189 67 135 25 29 24000 1500
1190 15 135 25 30 25000 1500
1191 68 135 25 30 25000 1500
1192 22 135 25 30 24000 1500
1193 69 135 25 30 25000 1500
1194 11 135 25 30 24000 1500
1195 74 135 25 30 25000 1500
1196 15 135 25 30 25000 1500
1197 63 135 25 29 25000 1500
1198 82 135 25 28 24000 1500
1199 8 135 25 30 25000 1500
1200 81 135 25 28 25000 1500
1201 20 135 25 30 25000 1500
1202 70 135 25 30 24000 1500
1203 81 135 25 30 25000 1500
1204 70 135 25 26 25000 1500
1205 12 135 25 30 26000 1500
1206 60 135 25 30 24000 1500
1207 12 135 25 30 26000 1500
1208 60 135 25 29 24000 1500
1209 8 135 25 29 24000 1500
1210 62 135 25 30 25000 1500
1211 75 135 25 30 24000 1500
1212 26 135 25 29 24000 1500
1213 26 135 25 29 24000 1500
1214 25 135 25 29 24000 1500
1215 61 135 25 30 24000 1500
1216 86 135 25 30 25000 1500
1217 60 135 25 30 25000 1500
1218 12 135 25 28 25000 1500
1219 19 135 25 30 25000 1500
1220 84 135 25 29 25000 1500
1221 64 135 25 29 25000 1500
1222 13 135 25 30 25000 1500
1223 26 135 25 29 25000 1500
1224 75 135 25 30 25000 1500
1225 28 135 25 30 25000 1500
1226 88 135 25 30 25000 1500
1227 18 135 25 29 25000 1500
1228 18 135 25 29 25000 1500
1229 29 135 25 30 28000 1500
1230 84 135 25 30 25000 1500
1231 13 135 25 30 24000 1500
1232 81 135 25 30 24000 1500
1233 15 135 25 29 24000 1500
1234 69 135 25 29 25000 1500
1235 27 135 25 29 25000 1500
1236 69 135 25 29 24000 1500
1237 76 135 25 29 24000 1500
1238 75 135 25 29 25000 1500
1239 83 135 25 29 24000 1500
1240 69 135 25 30 25000 1500
1241 25 135 25 26 24000 1500
1242 28 135 25 30 25000 1500
1243 74 135 25 30 25000 1500
1244 28 135 25 30 25000 1500
1245 27 135 25 29 25000 1500
1246 13 135 25 28 25000 1500
1247 76 135 25 29 25000 1500
1248 71 135 25 30 25000 1500
1249 88 135 25 28 25000 1500
1250 25 135 25 30 25000 1500
1251 20 135 25 30 25000 1500
1252 86 135 25 30 25000 1500
1253 22 135 25 30 28000 1500
1254 67 135 25 30 25000 1500
1255 78 135 25 30 24000 1500
1256 78 135 25 30 24000 1500
1257 85 135 25 30 25000 1500
1258 69 135 25 30 25000 1500
1259 25 135 25 30 25000 1500
1260 84 135 25 30 25000 1500
1261 74 135 25 29 24000 1500
1262 21 135 25 29 24000 1500
1263 77 135 25 29 25000 1500
1264 21 135 25 30 25000 1500
1265 21 135 25 30 25000 1500
1266 21 135 25 30 25000 1500
1267 68 135 25 30 25000 1500
1268 68 135 25 30 24000 1500
1269 76 135 25 29 25000 1500
1270 12 135 25 29 25000 1500
1271 20 135 25 29 25000 1500
1272 18 135 25 30 25000 1500
1273 21 135 25 30 24000 1500
1274 18 135 25 29 24000 1500
1275 76 135 25 30 25000 1500
1276 18 135 25 30 25000 1500
1277 29 135 25 30 25000 1500
1278 29 135 25 30 25000 1500
1279 71 135 25 30 25000 1500
1280 60 135 25 30 25000 1500
1281 61 135 25 26 25000 1500
1282 75 135 25 29 24000 1500
1283 75 135 25 29 24000 1500
1284 67 135 25 30 25000 1500
1285 20 135 25 30 25000 1500
1286 60 135 25 30 25000 1500
1287 88 135 25 30 25000 1500
1288 85 135 25 30 25000 1500
1289 60 135 25 28 25000 1500
1290 69 135 25 30 25000 1500
1291 88 135 25 29 24000 1500
1292 20 135 25 30 25000 1500
1293 28 135 25 26 24000 1500
1294 20 135 25 30 25000 1500
1295 28 135 25 26 24000 1500
1296 20 135 25 26 25000 1500
1297 20 135 25 30 25000 1500
1298 84 135 25 30 25000 1500
1299 26 135 25 26 24000 1500
1300 20 135 25 30 25000 1500
1301 61 135 25 26 25000 1500
1302 61 135 25 30 24000 1500
1303 27 135 25 30 25000 1500
1304 71 135 25 30 25000 1500
1305 22 135 25 30 24000 1500
1306 77 135 25 30 25000 1500
1307 19 135 25 30 24000 1500
1308 20 135 25 30 25000 1500
1309 22 135 25 30 24000 1500
1310 29 135 25 30 25000 1500
1311 29 135 25 30 25000 1500
1312 88 135 25 30 25000 1500
1313 26 135 25 30 25000 1500
1314 18 135 25 28 25000 1500
1315 28 135 25 30 25000 1500
1316 82 135 25 30 25000 1500
1317 84 135 25 26 25000 1500
1318 82 135 25 30 26000 1500
1319 25 135 25 30 24000 1500
1320 82 135 25 30 26000 1500
1321 71 135 25 28 24000 1500
1322 64 135 25 26 25000 1500
1323 85 135 25 30 25000 1500
1324 25 135 25 28 25000 1500
1325 12 135 25 28 24000 1500
1326 68 135 25 30 25000 1500
1327 82 135 25 29 25000 1500
1328 78 135 25 29 24000 1500
1329 81 135 25 29 24000 1500
1330 69 135 25 30 26000 1500
1331 77 135 25 28 25000 1500
1332 88 135 25 30 25000 1500
1333 13 135 25 30 25000 1500
1334 11 135 25 30 25000 1500
1335 28 135 25 29 25000 1500
1336 70 135 25 30 25000 1500
1337 78 135 25 29 24000 1500
1338 62 135 25 30 25000 1500
1339 88 135 25 30 25000 1500
1340 76 135 25 30 25000 1500
1341 25 135 25 30 25000 1500
1342 81 135 25 30 25000 1500
1343 28 135 25 30 25000 1500
1344 83 135 25 29 25000 1500
1345 20 135 25 30 25000 1500
1346 27 135 25 29 24000 1500
1347 85 135 25 29 24000 1500
1348 25 135 25 30 25000 1500
1349 64 135 25 30 25000 1500
1350 64 135 25 28 24000 1500
1351 77 135 25 30 25000 1500
1352 68 135 25 26 25000 1500
1353 81 135 25 30 25000 1500
1354 81 135 25 26 24000 1500
1355 25 135 25 29 25000 1500
1356 82 135 25 28 25000 1500
1357 78 135 25 26 25000 1500
1358 28 135 25 30 26000 1500
1359 88 135 25 26 25000 1500
1360 28 135 25 30 26000 1500
1361 20 135 25 29 25000 1500
1362 26 135 25 30 25000 1500
1363 84 135 25 30 28000 1500
1364 63 135 25 29 25000 1500
1365 63 135 25 29 25000 1500
1366 75 135 25 30 25000 1500
1367 18 135 25 29 24000 1500
1368 64 135 25 29 25000 1500
1369 62 135 25 30 25000 1500
1370 70 135 25 29 24000 1500
1371 27 135 25 30 24000 1500
1372 64 135 25 30 25000 1500
1373 19 135 25 30 25000 1500
1374 64 135 25 30 25000 1500
1375 13 135 25 30 25000 1500
1376 71 135 25 30 26000 1500
1377 88 135 25 29 24000 1500
1378 63 135 25 30 25000 1500
1379 72 135 25 30 25000 1500
1380 29 135 25 29 25000 1500
1381 29 135 25 29 25000 1500
1382 11 135 25 29 24000 1500
1383 67 135 25 30 25000 1500
1384 11 135 25 26 25000 1500
1385 67 135 25 30 25000 1500
1386 67 135 25 30 25000 1500
1387 22 135 25 30 25000 1500
1388 63 135 25 30 25000 1500
1389 84 135 25 26 24000 1500
1390 18 135 25 30 25000 1500
1391 88 135 25 29 25000 1500
1392 29 135 25 30 25000 1500
1393 88 135 25 30 28000 1500
1394 82 135 25 29 24000 1500
1395 68 135 25 30 25000 1500
1396 82 135 25 29 24000 1500
1397 29 135 25 30 25000 1500
1398 68 135 25 30 25000 1500
1399 29 135 25 30 25000 1500
1400 29 135 25 30 25000 1500
1401 63 135 25 30 25000 1500
1402 75 135 25 30 25000 1500
1403 63 135 25 30 25000 1500
1404 62 135 25 29 25000 1500
1405 64 135 25 30 25000 1500
1406 67 135 25 29 25000 1500
1407 68 135 25 30 24000 1500
1408 84 135 25 30 25000 1500
1409 61 135 25 30 24000 1500
1410 8 135 25 30 25000 1500
1411 71 135 25 30 25000 1500
1412 71 135 25 30 25000 1500
1413 8 135 25 30 25000 1500
1414 8 135 25 30 25000 1500
1415 76 135 25 30 25000 1500
1416 60 135 25 30 25000 1500
1417 20 135 25 28 24000 1500
1418 8 135 25 30 25000 1500
1419 82 135 25 26 24000 1500
1420 62 135 25 30 25000 1500
1421 69 135 25 30 25000 1500
1422 77 135 25 30 25000 1500
1423 69 135 25 30 25000 1500
1424 83 135 25 30 25000 1500
1425 67 135 25 30 25000 1500
1426 76 135 25 29 25000 1500
1427 61 135 25 26 24000 1500
1428 61 135 25 30 25000 1500
1429 13 135 25 30 25000 1500
1430 81 135 25 30 25000 1500
1431 70 135 25 28 25000 1500
1432 71 135 25 29 25000 1500
1433 12 135 25 29 25000 1500
1434 61 135 25 30 25000 1500
1435 70 135 25 30 25000 1500
1436 61 135 25 30 25000 1500
1437 84 135 25 30 25000 1500
1438 85 135 25 29 24000 1500
1439 21 135 25 29 24000 1500
1440 18 135 25 30 25000 1500
1441 19 135 25 30 25000 1500
1442 27 135 25 30 25000 1500
1443 8 135 25 30 24000 1500
1444 20 135 25 30 24000 1500
1445 64 135 25 30 26000 1500
1446 60 135 25 26 28000 1500
1447 67 135 25 30 24000 1500
1448 19 135 25 26 24000 1500
1449 61 135 25 30 25000 1500
1450 84 135 25 29 25000 1500
1451 21 135 25 30 25000 1500
1452 61 135 25 30 25000 1500
1453 21 135 25 29 24000 1500
1454 61 135 25 30 25000 1500
1455 61 135 25 30 25000 1500
1456 28 135 25 29 25000 1500
1457 76 135 25 30 25000 1500
1458 81 135 25 30 25000 1500
1459 26 135 25 29 25000 1500
1460 83 135 25 29 24000 1500
1461 75 135 25 30 25000 1500
1462 25 135 25 30 24000 1500
1463 11 135 25 30 25000 1500
1464 81 135 25 29 25000 1500
1465 78 135 25 30 25000 1500
1466 21 135 25 29 24000 1500
1467 82 135 25 30 25000 1500
1468 27 135 25 30 26000 1500
1469 74 135 25 30 24000 1500
1470 83 135 25 28 25000 1500
1471 20 135 25 29 25000 1500
1472 18 135 25 30 25000 1500
1473 77 135 25 30 25000 1500
1474 88 135 25 30 25000 1500
1475 27 135 25 30 25000 1500
1476 83 135 25 30 25000 1500
1477 83 135 25 30 25000 1500
1478 71 135 25 29 24000 1500
1479 71 135 25 29 24000 1500
1480 21 135 25 26 24000 1500
1481 70 135 25 30 25000 1500
1482 70 135 25 30 25000 1500
1483 82 135 25 30 24000 1500
1484 70 135 25 30 25000 1500
1485 70 135 25 30 25000 1500
1486 75 135 25 26 24000 1500
1487 70 135 25 30 25000 1500
1488 88 135 25 28 25000 1500
1489 74 135 25 29 24000 1500
1490 82 135 25 26 25000 1500
1491 68 135 25 30 25000 1500
1492 22 135 25 30 25000 1500
1493 74 135 25 30 25000 1500
1494 69 135 25 29 25000 1500
1495 71 135 25 30 25000 1500
1496 63 135 25 29 25000 1500
1497 79 135 25 30 26000 1500
1498 27 135 25 30 25000 1500
1499 85 135 25 29 24000 1500
1500 84 135 25 26 28000 1500
1501 84 135 25 30 25000 1500
1502 81 135 25 29 24000 1500
1503 83 135 25 30 24000 1500
1504 11 135 25 30 25000 1500
1505 11 135 25 30 25000 1500
1506 62 135 25 26 25000 1500
1507 60 135 25 30 25000 1500
1508 11 135 25 30 25000 1500
1509 11 135 25 30 25000 1500
1510 11 135 25 30 25000 1500
1511 22 135 25 30 25000 1500
1512 86 135 25 30 25000 1500
1513 22 135 25 30 25000 1500
1514 65 135 25 30 26000 1500
1515 74 135 25 30 24000 1500
1516 61 135 25 30 25000 1500
1517 30 135 25 30 25000 1500
1518 12 135 25 29 24000 1500
1519 64 135 25 30 25000 1500
1520 74 135 25 30 25000 1500
1521 64 135 25 30 25000 1500
1522 15 135 25 30 24000 1500
1523 82 135 25 30 25000 1500
1524 60 135 25 30 26000 1500
1525 70 135 25 30 25000 1500
1526 70 135 25 30 25000 1500
1527 13 135 25 29 25000 1500
1528 69 135 25 26 25000 1500
1529 11 135 25 26 25000 1500
1530 25 135 25 29 24000 1500
1531 78 135 25 30 25000 1500
1532 81 135 25 29 24000 1500
1533 61 135 25 30 26000 1500
1534 61 135 25 30 26000 1500
1535 13 135 25 28 24000 1500
1536 77 135 25 30 25000 1500
1537 88 135 25 30 25000 1500
1538 84 135 25 30 25000 1500
1539 84 135 25 30 25000 1500
1540 27 135 25 29 24000 1500
1541 85 135 25 26 25000 1500
1542 83 135 25 30 25000 1500
1543 61 135 25 28 25000 1500
1544 18 135 25 30 24000 1500
1545 22 135 25 29 24000 1500
1546 28 135 25 30 25000 1500
1547 28 135 25 30 25000 1500
1548 63 135 25 30 25000 1500
1549 22 135 25 30 25000 1500
1550 81 135 25 30 24000 1500
1551 70 135 25 30 28000 1500
1552 25 135 25 29 24000 1500
1553 68 135 25 30 25000 1500
1554 85 135 25 30 24000 1500
1555 67 135 25 30 25000 1500
1556 62 135 25 30 25000 1500
1557 71 135 25 26 24000 1500
1558 82 135 25 30 25000 1500
1559 88 135 25 29 25000 1500
1560 11 135 25 30 25000 1500
1561 61 135 25 29 25000 1500
1562 61 135 25 29 24000 1500
1563 61 135 25 29 24000 1500
1564 20 135 25 30 24000 1500
1565 85 135 25 30 24000 1500
1566 83 135 25 30 26000 1500
1567 77 135 25 30 25000 1500
1568 21 135 25 26 25000 1500
1569 83 135 25 29 25000 1500
1570 76 135 25 30 25000 1500
1571 70 135 25 29 25000 1500
1572 70 135 25 29 25000 1500
1573 85 135 25 30 25000 1500
1574 68 135 25 30 25000 1500
1575 62 135 25 29 25000 1500
1576 77 135 25 30 24000 1500
1577 29 135 25 29 25000 1500
1578 84 135 25 30 25000 1500
1579 81 135 25 26 25000 1500
1580 75 135 25 28 25000 1500
1581 18 135 25 30 25000 1500
1582 62 135 25 29 24000 1500
1583 15 135 25 30 25000 1500
1584 63 135 25 30 25000 1500
1585 67 135 25 29 25000 1500
1586 29 135 25 29 24000 1500
1587 67 135 25 29 25000 1500
1588 67 135 25 29 25000 1500
1589 84 135 25 29 25000 1500
1590 18 135 25 30 25000 1500
1591 15 135 25 30 28000 1500
1592 29 135 25 30 25000 1500
1593 76 135 25 30 25000 1500
1594 69 135 25 30 25000 1500
1595 13 135 25 30 25000 1500
1596 26 135 25 30 25000 1500
1597 27 135 25 28 25000 1500
1598 25 135 25 30 25000 1500
1599 74 135 25 30 28000 1500
1600 67 135 25 29 24000 1500
1601 11 135 25 30 25000 1500
1602 75 135 25 30 25000 1500
1603 13 135 25 29 25000 1500
1604 16 135 25 30 26000 1500
1605 25 135 25 26 25000 1500
1606 76 135 25 28 24000 1500
1607 88 135 25 28 25000 1500
1608 22 135 25 30 25000 1500
1609 70 135 25 29 25000 1500
1610 7 135 25 26 25000 1500
1611 71 135 25 29 25000 1500
1612 20 135 25 26 25000 1500
1613 63 135 25 29 24000 1500
1614 27 135 25 30 25000 1500
1615 27 135 25 30 25000 1500
1616 67 135 25 29 24000 1500
1617 67 135 25 30 25000 1500
1618 75 135 25 30 26000 1500
1619 70 135 25 30 25000 1500
1620 75 135 25 30 26000 1500
1621 7 135 25 30 25000 1500
1622 62 135 25 29 24000 1500
1623 69 135 25 29 24000 1500
1624 82 135 25 29 25000 1500
1625 69 135 25 30 24000 1500
1626 83 135 25 30 25000 1500
1627 78 135 25 26 25000 1500
1628 85 135 25 30 25000 1500
1629 82 135 25 30 24000 1500
1630 28 135 25 26 28000 1500
1631 85 135 25 30 25000 1500
1632 76 135 25 30 25000 1500
1633 63 135 25 30 25000 1500
1634 69 135 25 30 25000 1500
1635 11 135 25 30 25000 1500
1636 64 135 25 29 24000 1500
1637 69 135 25 30 24000 1500
1638 67 135 25 28 25000 1500
1639 78 135 25 30 25000 1500
1640 29 135 25 29 24000 1500
1641 15 135 25 30 25000 1500
1642 81 135 25 30 25000 1500
1643 60 135 25 28 25000 1500
1644 74 135 25 30 25000 1500
1645 26 135 25 30 25000 1500
1646 82 135 25 30 25000 1500
1647 25 135 25 29 24000 1500
1648 71 135 25 28 24000 1500
1649 69 135 25 30 25000 1500
1650 25 135 25 30 25000 1500
1651 70 135 25 29 24000 1500
1652 77 135 25 30 24000 1500
1653 61 135 25 30 25000 1500
1654 27 135 25 29 25000 1500
1655 81 135 25 29 25000 1500
1656 62 135 25 30 25000 1500
1657 11 135 25 30 25000 1500
1658 28 135 25 30 24000 1500
1659 64 135 25 28 25000 1500
1660 13 135 25 30 26000 1500
1661 76 135 25 30 25000 1500
1662 88 135 25 30 25000 1500
1663 88 135 25 26 24000 1500
1664 15 135 25 30 25000 1500
1665 85 135 25 30 28000 1500
1666 70 135 25 30 25000 1500
1667 26 135 25 30 25000 1500
1668 62 135 25 30 25000 1500
1669 18 135 25 28 25000 1500
1670 26 135 25 30 24000 1500
1671 62 135 25 29 24000 1500
1672 22 135 25 29 25000 1500
1673 70 135 25 30 25000 1500
1674 74 135 25 29 24000 1500
1675 83 135 25 30 25000 1500
1676 75 135 25 30 25000 1500
1677 68 135 25 30 25000 1500
1678 81 135 25 29 24000 1500
1679 76 135 25 30 26000 1500
1680 69 135 25 30 25000 1500
1681 69 135 25 28 25000 1500
1682 63 135 25 30 25000 1500
1683 74 135 25 29 25000 1500
1684 15 135 25 29 24000 1500
1685 28 135 25 30 25000 1500
1686 13 135 25 30 25000 1500
1687 15 135 25 26 25000 1500
1688 20 135 25 29 24000 1500
1689 61 135 25 28 24000 1500
1690 68 135 25 29 25000 1500
1691 20 135 25 30 25000 1500
1692 75 135 25 30 25000 1500
1693 83 135 25 30 25000 1500
1694 82 135 25 30 25000 1500
1695 8 135 25 26 25000 1500
1696 28 135 25 30 25000 1500
1697 29 135 25 29 25000 1500
1698 60 135 25 26 24000 1500
1699 77 135 25 30 25000 1500
1700 15 135 25 30 25000 1500
1701 15 135 25 30 25000 1500
1702 77 135 25 30 25000 1500
1703 85 135 25 30 25000 1500
1704 64 135 25 30 25000 1500
1705 15 135 25 29 25000 1500
1706 77 135 25 30 24000 1500
1707 83 135 25 30 25000 1500
1708 78 135 25 30 28000 1500
1709 18 135 25 30 25000 1500
1710 25 135 25 30 28000 1500
1711 18 135 25 30 25000 1500
1712 88 135 25 30 25000 1500
1713 29 135 25 30 25000 1500
1714 74 135 25 30 25000 1500
1715 18 135 25 30 25000 1500
1716 18 135 25 30 25000 1500
1717 84 135 25 30 25000 1500
1718 71 135 25 30 25000 1500
1719 18 135 25 30 24000 1500
1720 61 135 25 29 24000 1500
1721 29 135 25 26 25000 1500
1722 78 135 25 30 24000 1500
1723 70 135 25 26 25000 1500
1724 77 135 25 28 25000 1500
1725 25 135 25 28 25000 1500
1726 11 135 25 29 24000 1500
1727 20 135 25 30 25000 1500
1728 74 135 25 28 25000 1500
1729 28 135 25 28 25000 1500
1730 13 135 25 26 24000 1500
1731 71 135 25 29 24000 1500
1732 21 135 25 30 24000 1500
1733 71 135 25 30 25000 1500
1734 88 135 25 29 24000 1500
1735 71 135 25 30 25000 1500
1736 84 135 25 30 24000 1500
1737 13 135 25 26 24000 1500
1738 70 135 25 30 25000 1500
1739 25 135 25 26 25000 1500
1740 21 135 25 30 25000 1500
1741 78 135 25 30 25000 1500
1742 21 135 25 30 25000 1500
1743 21 135 25 30 25000 1500
1744 21 135 25 30 25000 1500
1745 64 135 25 30 26000 1500
1746 64 135 25 30 26000 1500
1747 25 135 25 30 25000 1500
1748 13 135 25 30 25000 1500
1749 88 135 25 29 24000 1500
1750 83 135 25 30 25000 1500
1751 69 135 25 30 25000 1500
1752 69 135 25 30 25000 1500
1753 69 135 25 30 25000 1500
1754 22 135 25 30 24000 1500
1755 61 135 25 30 25000 1500
1756 61 135 25 30 25000 1500
1757 69 135 25 30 25000 1500
1758 69 135 25 30 25000 1500
1759 88 135 25 29 24000 1500
1760 76 135 25 26 24000 1500
1761 71 135 25 29 25000 1500
1762 71 135 25 29 25000 1500
1763 82 135 25 30 25000 1500
1764 19 135 25 29 25000 1500
1765 70 135 25 30 24000 1500
1766 25 135 25 30 25000 1500
1767 26 135 25 30 25000 1500
1768 64 135 25 30 25000 1500
1769 12 135 25 29 25000 1500
1770 13 135 25 30 25000 1500
1771 26 135 25 30 25000 1500
1772 21 135 25 30 25000 1500
1773 20 135 25 30 25000 1500
1774 77 135 25 26 25000 1500
1775 74 135 25 26 25000 1500
1776 8 135 25 30 25000 1500
1777 20 135 25 28 25000 1500
1778 25 135 25 29 25000 1500
1779 25 135 25 29 25000 1500
1780 64 135 25 28 24000 1500
1781 81 135 25 30 25000 1500
1782 26 135 25 30 25000 1500
1783 20 135 25 29 25000 1500
1784 62 135 25 30 24000 1500
1785 21 135 25 30 25000 1500
1786 21 135 25 30 25000 1500
1787 19 135 25 29 24000 1500
1788 19 135 25 29 24000 1500
1789 25 135 25 30 25000 1500
1790 27 135 25 30 25000 1500
1791 25 135 25 30 25000 1500
1792 25 135 25 30 25000 1500
1793 60 135 25 30 25000 1500
1794 20 135 25 30 24000 1500
1795 29 135 25 30 25000 1500
1796 25 135 25 30 25000 1500
1797 11 135 25 30 25000 1500
1798 11 135 25 30 25000 1500
1799 70 135 25 30 25000 1500
1800 12 135 25 30 25000 1500
1801 68 135 25 30 25000 1500
1802 23 135 25 30 26000 1500
1803 67 135 25 30 25000 1500
1804 22 135 25 30 25000 1500
1805 11 135 25 30 24000 1500
1806 67 135 25 30 25000 1500
1807 78 135 25 30 25000 1500
1808 81 135 25 28 25000 1500
1809 27 135 25 28 24000 1500
1810 61 135 25 30 24000 1500
1811 84 135 25 30 24000 1500
1812 28 135 25 30 24000 1500
1813 19 135 25 28 25000 1500
1814 12 135 25 30 25000 1500
1815 88 135 25 30 25000 1500
1816 71 135 25 30 25000 1500
1817 64 135 25 30 25000 1500
1818 26 135 25 30 24000 1500
1819 84 135 25 28 25000 1500
1820 61 135 25 30 24000 1500
1821 63 135 25 30 25000 1500
1822 63 135 25 30 25000 1500
1823 70 135 25 30 25000 1500
1824 26 135 25 26 25000 1500
1825 70 135 25 30 25000 1500
1826 70 135 25 30 25000 1500
1827 18 135 25 26 24000 1500
1828 63 135 25 30 25000 1500
1829 63 135 25 30 24000 1500
1830 69 135 25 29 24000 1500
1831 20 135 25 30 25000 1500
1832 76 135 25 28 25000 1500
1833 70 135 25 30 24000 1500
1834 74 135 25 30 25000 1500
1835 27 135 25 30 25000 1500
1836 22 135 25 26 25000 1500
1837 21 135 25 29 25000 1500
1838 21 135 25 29 25000 1500
1839 83 135 25 30 26000 1500
1840 20 135 25 30 25000 1500
1841 18 135 25 26 25000 1500
1842 67 135 25 30 24000 1500
1843 77 135 25 26 24000 1500
1844 19 135 25 29 25000 1500
1845 27 135 25 30 25000 1500
1846 27 135 25 30 25000 1500
1847 21 135 25 30 25000 1500
1848 62 135 25 30 25000 1500
1849 28 135 25 30 25000 1500
1850 20 135 25 30 24000 1500
1851 27 135 25 30 26000 1500
1852 27 135 25 30 26000 1500
1853 81 135 25 26 25000 1500
1854 84 135 25 30 25000 1500
1855 26 135 25 30 25000 1500
1856 85 135 25 29 25000 1500
1857 77 135 25 29 24000 1500
1858 15 135 25 30 25000 1500
1859 63 135 25 29 24000 1500
1860 7 135 25 30 25000 1500
1861 63 135 25 30 24000 1500
1862 60 135 25 30 25000 1500
1863 74 135 25 30 25000 1500
1864 69 135 25 30 24000 1500
1865 68 135 25 29 25000 1500
1866 27 135 25 30 25000 1500
1867 62 135 25 30 25000 1500
1868 25 135 25 30 25000 1500
1869 62 135 25 30 25000 1500
1870 18 135 25 29 24000 1500
1871 8 135 25 30 25000 1500
1872 62 135 25 30 25000 1500
1873 61 135 25 30 25000 1500
1874 62 135 25 30 25000 1500
1875 62 135 25 30 25000 1500
1876 18 135 25 29 24000 1500
1877 77 135 25 29 24000 1500
1878 83 135 25 29 25000 1500
1879 61 135 25 30 25000 1500
1880 77 135 25 29 24000 1500
1881 60 135 25 29 25000 1500
1882 15 135 25 30 25000 1500
1883 85 135 25 30 25000 1500
1884 19 135 25 30 25000 1500
1885 61 135 25 30 25000 1500
1886 69 135 25 26 25000 1500
1887 67 135 25 30 24000 1500
1888 88 135 25 28 25000 1500
1889 19 135 25 30 26000 1500
1890 75 135 25 30 25000 1500
1891 19 135 25 30 26000 1500
1892 88 135 25 30 24000 1500
1893 21 135 25 30 25000 1500
1894 29 135 25 30 24000 1500
1895 64 135 25 30 25000 1500
1896 64 135 25 30 25000 1500
1897 16 135 25 30 25000 1500
1898 88 135 25 30 25000 1500
1899 61 135 25 29 25000 1500
1900 29 135 25 30 25000 1500
1901 7 135 25 30 25000 1500
1902 29 135 25 30 25000 1500
1903 81 135 25 29 24000 1500
1904 64 135 25 29 25000 1500
1905 64 135 25 29 25000 1500
1906 81 135 25 30 25000 1500
1907 83 135 25 26 24000 1500
1908 60 135 25 30 25000 1500
1909 18 135 25 29 24000 1500
1910 62 135 25 30 24000 1500
1911 21 135 25 29 25000 1500
1912 78 135 25 30 25000 1500
1913 60 135 25 30 25000 1500
