nbObjets 1391
Id_item Supplier_code Length Width Height Weight Stackability_code Earliest_arrival_time Latest_arrival_time Inventory_cost
0 43 12 10 9 836 3 50 55 310
1 3 12 10 3 123 2 20 23 280
2 26 12 10 9 154 3 10 15 20
3 19 12 10 2 169 2 59 64 510
4 42 12 10 7 971 3 1 6 190
5 29 12 10 6 587 2 63 66 250
6 8 12 10 7 895 3 57 62 150
7 1 12 10 8 1658 1 63 70 170
8 20 12 10 9 932 3 57 62 310
9 45 12 10 9 537 3 52 57 130
10 25 12 10 10 965 3 63 66 210
11 20 12 10 9 933 3 17 22 330
12 32 12 10 11 221 2 58 63 150
13 2 12 10 9 429 2 16 21 2730
14 26 12 10 9 155 3 57 62 20
15 17 12 10 4 109 5 7 10 600
16 44 11 9 8 269 7 69 72 290
17 18 12 10 9 168 3 14 17 40
18 18 12 10 11 248 2 57 62 310
19 31 12 10 4 458 2 49 53 360
20 28 12 10 9 238 3 21 22 1940
21 3 12 10 11 597 2 20 23 280
22 17 12 10 4 134 5 65 70 220
23 45 12 10 9 701 3 50 55 500
24 28 12 10 9 238 3 20 21 2250
25 25 12 10 10 965 3 56 59 210
26 20 12 10 9 933 3 8 8 330
27 18 12 10 9 193 3 17 22 50
28 18 12 10 9 193 3 70 73 50
29 17 12 10 4 134 5 16 21 220
30 11 12 10 3 82 2 52 57 1240
31 45 12 10 9 537 3 57 62 130
32 10 12 10 9 770 3 55 58 340
33 12 7 5 4 299 4 63 66 70
34 45 12 10 9 701 3 14 17 500
35 36 12 10 9 426 3 57 62 800
36 14 12 10 11 424 2 15 20 850
37 22 12 10 9 178 3 13 20 70
38 12 7 5 4 342 4 49 52 80
39 10 12 10 9 967 3 57 62 400
40 30 12 10 9 814 3 63 70 100
41 1 12 10 8 1785 1 56 63 200
42 7 12 10 11 113 5 51 56 750
43 26 12 10 9 154 3 63 66 20
44 8 12 10 7 895 3 23 23 150
45 10 12 10 9 967 3 58 63 400
46 18 12 10 9 162 3 3 8 210
47 2 12 10 7 327 2 70 73 2730
48 11 12 10 3 229 2 52 57 3100
49 5 12 10 9 453 3 8 13 190
50 45 12 10 9 685 3 52 57 440
51 10 12 10 7 754 3 21 21 300
52 3 12 10 11 307 2 20 23 210
53 31 12 10 13 897 2 49 53 180
54 40 12 10 7 987 3 52 57 120
55 43 12 10 9 836 3 71 76 310
56 14 12 10 11 442 2 62 65 750
57 31 12 10 2 148 2 21 25 230
58 36 12 10 9 426 3 64 69 800
59 8 12 10 7 895 3 58 63 150
60 38 12 10 10 122 2 22 48 200
61 42 12 10 7 990 3 22 48 190
62 45 12 10 9 685 3 62 65 440
63 25 12 10 10 965 3 10 15 210
64 12 12 10 7 831 2 51 56 240
65 22 12 10 9 173 3 62 69 90
66 6 12 10 7 894 3 62 65 110
67 1 12 10 8 1658 1 59 66 170
68 12 7 5 4 342 4 14 17 80
69 20 12 10 9 933 3 66 71 330
70 31 12 10 4 458 2 70 74 360
71 24 12 10 9 225 3 23 51 50
72 3 12 10 11 542 2 62 65 450
73 3 12 10 2 124 2 62 65 510
74 18 12 10 9 168 3 50 55 40
75 7 12 10 2 30 5 65 70 1610
76 8 12 10 7 895 3 64 69 150
77 26 12 10 9 155 3 1 6 20
78 3 12 10 6 703 2 13 16 210
79 5 12 10 9 453 3 8 13 190
80 18 12 10 9 193 3 66 71 50
81 13 12 10 2 168 2 6 9 3000
82 13 12 10 2 168 2 13 16 3000
83 13 12 10 6 670 2 16 16 170
84 32 12 10 11 221 2 70 73 150
85 20 12 10 9 933 3 13 16 330
86 45 12 10 9 537 3 20 23 130
87 35 12 10 7 591 3 66 71 60
88 4 12 10 7 1013 3 15 20 150
89 44 11 9 8 269 7 22 48 290
90 12 7 5 4 342 4 70 73 80
91 40 12 10 7 980 3 59 64 140
92 14 12 10 11 424 2 64 69 850
93 1 12 10 8 1785 1 21 49 200
94 29 12 10 6 587 2 56 59 250
95 3 12 10 11 381 2 55 58 230
96 42 12 10 7 971 3 57 62 190
97 19 12 10 2 169 2 17 22 510
98 42 12 10 7 990 3 6 6 190
99 6 12 10 7 745 3 20 23 90
100 18 12 10 9 199 3 63 66 60
101 18 12 10 9 168 3 8 13 40
102 45 12 10 9 537 3 10 15 130
103 12 12 10 5 516 5 14 17 150
104 3 12 10 7 330 2 69 72 840
105 20 12 10 9 932 3 8 8 310
106 12 7 5 4 342 4 7 10 80
107 20 12 10 9 932 3 15 20 310
108 30 12 10 11 726 2 7 14 100
109 31 12 10 3 311 2 21 25 240
110 8 12 10 7 895 3 48 51 150
111 26 12 10 9 155 3 64 69 20
112 40 12 10 7 980 3 52 57 140
113 42 12 10 7 971 3 48 51 190
114 42 12 10 7 982 3 71 76 200
115 27 12 10 9 890 3 15 20 420
116 17 12 10 4 109 5 14 17 600
117 13 12 10 2 168 2 6 9 3000
118 8 12 10 7 895 3 70 73 150
119 8 12 10 7 895 3 65 70 150
120 8 12 10 7 895 3 16 16 150
121 10 12 10 9 770 3 13 16 340
122 20 12 10 9 932 3 64 69 310
123 18 12 10 9 168 3 71 76 40
124 10 12 10 9 967 3 22 48 400
125 16 12 10 6 542 2 48 51 870
126 42 12 10 6 588 2 50 55 170
127 40 12 10 7 987 3 10 15 120
128 26 12 10 9 154 3 56 59 20
129 12 7 5 4 342 4 16 21 80
130 40 12 10 7 987 3 10 15 120
131 8 12 10 7 895 3 17 17 150
132 23 12 10 9 690 3 66 73 130
133 22 12 10 9 178 3 69 76 90
134 10 12 10 9 770 3 71 76 340
135 31 12 10 5 252 2 21 25 160
136 8 12 10 7 895 3 69 72 150
137 10 12 10 9 967 3 16 21 400
138 10 12 10 9 967 3 15 20 400
139 28 12 10 9 238 3 9 10 2250
140 36 12 10 9 426 3 15 20 800
141 41 12 10 9 557 3 58 63 80
142 17 12 10 4 109 5 49 52 600
143 18 12 10 9 193 3 7 10 50
144 42 12 10 7 971 3 22 48 190
145 8 12 10 7 919 3 70 73 170
146 42 12 10 2 165 2 57 62 90
147 26 12 10 9 154 3 21 24 20
148 20 12 10 9 932 3 62 65 310
149 3 12 10 11 307 2 62 65 210
150 40 12 10 7 980 3 22 22 140
151 3 12 10 11 542 2 20 23 450
152 29 12 10 8 908 2 14 17 340
153 6 12 10 7 894 3 20 23 110
154 42 12 10 6 588 2 8 13 170
155 45 12 10 9 701 3 55 58 500
156 12 7 5 4 299 4 9 14 70
157 29 12 10 8 908 2 51 56 340
158 32 12 10 11 221 2 65 70 150
159 45 12 10 9 701 3 24 50 500
160 42 12 10 3 119 2 62 65 5550
161 20 12 10 9 933 3 8 13 330
162 4 12 10 7 1013 3 24 50 150
163 44 11 9 8 269 7 48 51 290
164 44 11 9 8 269 7 57 62 290
165 18 12 10 9 193 3 49 52 50
166 34 12 10 9 951 3 14 21 290
167 1 12 10 8 1785 1 52 59 200
168 8 12 10 7 919 3 56 59 170
169 31 12 10 4 458 2 7 11 360
170 40 12 10 7 987 3 15 20 120
171 20 12 10 9 933 3 55 58 330
172 15 12 10 7 949 3 62 69 120
173 45 12 10 9 537 3 64 69 130
174 7 12 10 3 51 5 70 73 2550
175 13 12 10 2 168 2 55 58 2100
176 45 12 10 9 537 3 62 65 130
177 7 12 10 2 77 5 23 49 1460
178 18 12 10 9 193 3 3 8 50
179 7 12 10 7 373 5 63 66 1290
180 44 12 10 9 285 2 20 23 350
181 13 12 10 2 43 2 48 51 1280
182 31 12 10 13 897 2 21 25 170
183 42 12 10 11 796 2 62 65 220
184 23 12 10 9 690 3 17 17 130
185 45 12 10 9 537 3 63 66 130
186 5 12 10 9 453 3 71 76 190
187 40 12 10 7 987 3 52 57 120
188 1 12 10 8 936 1 58 65 90
189 42 12 10 7 982 3 55 58 200
190 5 12 10 9 453 3 62 65 190
191 45 12 10 9 685 3 63 66 440
192 45 12 10 9 685 3 51 56 440
193 10 12 10 9 838 3 9 14 460
194 42 12 10 7 971 3 6 9 190
195 36 12 10 9 426 3 65 70 800
196 5 12 10 9 453 3 71 76 190
197 42 12 10 7 971 3 15 20 190
198 12 7 5 4 342 4 7 10 80
199 13 12 10 2 83 2 55 58 2580
200 26 12 10 9 154 3 15 20 20
201 45 12 10 9 537 3 69 72 130
202 6 12 10 7 745 3 16 21 90
203 45 12 10 9 537 3 16 21 130
204 20 12 10 9 933 3 62 65 330
205 19 12 10 3 320 2 52 57 1020
206 20 12 10 9 619 3 55 58 260
207 27 12 10 9 890 3 20 23 420
208 6 12 10 7 745 3 15 20 90
209 40 12 10 7 987 3 64 69 120
210 7 12 10 4 195 5 65 70 4380
211 41 12 10 9 557 3 16 21 80
212 6 12 10 7 894 3 55 58 110
213 20 12 10 9 932 3 20 23 310
214 8 12 10 7 919 3 69 72 170
215 42 12 10 2 165 2 15 20 90
216 26 12 10 9 155 3 21 24 20
217 20 12 10 9 933 3 9 9 330
218 31 12 10 3 143 2 49 53 30
219 42 12 10 3 162 2 6 9 7980
220 25 12 10 10 965 3 52 57 210
221 7 12 10 11 90 5 49 52 740
222 35 12 10 7 591 3 59 64 60
223 17 12 10 4 134 5 23 49 220
224 41 12 10 9 557 3 65 70 80
225 31 12 10 3 46 2 70 74 270
226 29 12 10 6 587 2 9 14 250
227 30 12 10 9 814 3 7 14 100
228 31 12 10 13 891 2 14 18 140
229 7 12 10 11 114 5 51 56 1250
230 4 12 10 7 1013 3 59 64 150
231 44 11 9 8 269 7 15 20 290
232 18 12 10 9 199 3 10 15 60
233 8 12 10 7 895 3 49 52 150
234 16 12 10 6 542 2 55 58 870
235 30 12 10 9 814 3 21 49 100
236 5 12 10 9 453 3 62 65 190
237 20 12 10 9 932 3 50 55 310
238 45 12 10 9 685 3 56 59 440
239 2 12 10 11 586 2 14 17 660
240 45 12 10 9 537 3 48 51 130
241 36 12 10 9 426 3 22 48 800
242 44 12 10 9 283 2 50 55 370
243 42 12 10 7 990 3 64 69 190
244 22 12 10 9 178 3 13 20 90
245 13 12 10 2 105 2 6 9 3140
246 2 12 10 11 532 2 58 63 4550
247 10 12 10 9 770 3 23 49 340
248 42 12 10 6 588 2 55 58 170
249 10 12 10 9 967 3 48 51 400
250 16 12 10 6 542 2 69 72 870
251 8 12 10 7 895 3 65 70 150
252 1 12 10 8 936 1 20 48 90
253 7 12 10 11 114 5 7 10 1250
254 30 12 10 9 814 3 56 63 100
255 38 12 10 10 122 2 1 6 200
256 31 12 10 3 278 2 56 60 460
257 23 12 10 9 690 3 49 56 130
258 23 12 10 9 690 3 17 24 130
259 26 12 10 11 143 2 3 8 220
260 31 12 10 3 147 2 7 11 70
261 1 12 10 8 936 1 51 58 90
262 14 12 10 11 424 2 20 23 850
263 29 12 10 6 587 2 21 24 250
264 42 12 10 6 588 2 62 65 170
265 15 12 10 7 949 3 55 62 120
266 24 12 10 3 49 2 51 58 250
267 22 12 10 9 178 3 55 62 90
268 30 12 10 9 814 3 14 21 100
269 2 12 10 11 322 2 23 49 580
270 10 12 10 7 754 3 16 16 300
271 12 7 5 4 299 4 51 56 70
272 7 12 10 11 114 5 49 52 1250
273 22 12 10 9 178 3 48 55 70
274 20 12 10 9 933 3 59 64 330
275 26 12 10 9 155 3 59 64 20
276 3 12 10 11 597 2 62 65 280
277 14 12 10 11 424 2 22 48 850
278 34 12 10 9 951 3 49 56 290
279 18 12 10 9 168 3 3 8 40
280 13 12 10 2 86 2 48 51 2380
281 45 12 10 9 537 3 15 20 130
282 10 12 10 7 754 3 20 20 300
283 8 12 10 7 919 3 57 62 170
284 42 12 10 7 990 3 15 20 190
285 42 12 10 11 773 2 6 9 210
286 28 12 10 9 238 3 9 10 1940
287 8 12 10 7 895 3 22 48 150
288 32 12 10 11 221 2 49 52 150
289 18 12 10 9 193 3 59 64 50
290 36 12 10 9 426 3 58 63 800
291 45 12 10 9 537 3 59 64 130
292 31 12 10 13 897 2 56 60 170
293 10 12 10 7 754 3 56 56 300
294 20 12 10 9 932 3 8 13 310
295 30 12 10 11 696 2 56 63 100
296 12 7 5 4 299 4 56 59 70
297 7 12 10 11 114 5 14 17 1250
298 33 12 10 11 720 2 21 49 490
299 45 12 10 9 701 3 66 71 500
300 24 12 10 9 225 3 65 72 50
301 22 12 10 9 178 3 55 62 70
302 14 12 10 11 424 2 57 62 850
303 28 12 10 9 238 3 16 17 1940
304 15 12 10 7 949 3 62 69 120
305 13 12 10 2 86 2 62 65 1360
306 10 12 10 9 967 3 65 70 400
307 32 12 10 11 221 2 7 10 150
308 2 12 10 11 586 2 51 56 660
309 23 12 10 9 690 3 10 10 130
310 10 12 10 7 754 3 63 63 300
311 45 12 10 9 685 3 20 23 440
312 23 12 10 9 690 3 24 52 130
313 40 12 10 7 980 3 64 69 140
314 10 12 10 7 754 3 65 65 300
315 31 12 10 3 311 2 56 60 240
316 2 12 10 7 327 2 7 10 1820
317 36 12 10 9 426 3 63 66 800
318 5 12 10 9 453 3 55 58 190
319 16 12 10 6 542 2 13 16 870
320 1 12 10 8 936 1 48 55 90
321 8 12 10 7 919 3 62 65 170
322 26 12 10 9 155 3 10 15 20
323 20 12 10 9 933 3 69 72 330
324 45 12 10 9 537 3 21 24 130
325 22 12 10 9 178 3 48 55 90
326 6 12 10 7 745 3 48 51 90
327 45 12 10 9 537 3 56 59 130
328 20 12 10 9 933 3 52 57 330
329 31 12 10 3 153 2 49 53 120
330 42 12 10 6 588 2 13 16 170
331 8 12 10 7 895 3 58 63 150
332 45 12 10 9 685 3 15 20 440
333 42 12 10 11 773 2 55 58 210
334 45 12 10 9 537 3 10 15 130
335 10 12 10 9 770 3 48 51 340
336 31 12 10 3 143 2 7 11 30
337 1 12 10 7 1031 3 20 48 110
338 8 12 10 7 895 3 48 51 150
339 2 12 10 9 359 3 21 24 180
340 17 12 10 4 109 5 70 73 600
341 8 12 10 7 919 3 50 55 170
342 8 12 10 7 919 3 49 52 170
343 5 12 10 9 453 3 55 58 190
344 13 12 10 2 101 2 69 72 2320
345 7 12 10 7 373 5 9 14 1290
346 2 12 10 11 586 2 9 14 660
347 21 12 10 11 326 2 16 23 270
348 10 12 10 7 754 3 62 62 300
349 13 12 10 2 84 2 69 72 2340
350 29 12 10 8 908 2 49 52 340
351 20 12 10 9 933 3 66 71 330
352 8 12 10 7 895 3 17 17 150
353 2 12 10 11 322 2 56 59 580
354 7 12 10 11 113 5 63 66 750
355 40 12 10 7 987 3 22 48 120
356 27 12 10 9 890 3 48 51 420
357 42 12 10 6 588 2 20 23 170
358 7 12 10 5 255 5 58 63 4380
359 40 12 10 7 987 3 57 62 120
360 10 12 10 9 770 3 65 70 340
361 42 12 10 7 989 3 6 9 230
362 10 12 10 9 838 3 13 16 460
363 20 12 10 9 933 3 57 62 330
364 18 12 10 9 193 3 57 62 50
365 36 12 10 9 426 3 20 23 800
366 1 12 10 8 936 1 62 69 90
367 26 12 10 9 155 3 49 52 20
368 10 12 10 9 967 3 23 49 400
369 31 12 10 5 288 2 56 60 240
370 14 12 10 11 442 2 50 55 750
371 2 12 10 9 359 3 16 21 180
372 13 12 10 6 670 2 55 58 170
373 25 12 10 10 965 3 16 21 210
374 42 12 10 7 990 3 71 76 190
375 20 12 10 9 933 3 8 13 330
376 45 12 10 9 537 3 17 22 130
377 8 12 10 7 895 3 50 55 150
378 2 12 10 3 122 2 49 52 910
379 10 12 10 9 770 3 16 21 340
380 20 12 10 9 933 3 8 8 330
381 25 12 10 10 965 3 51 56 210
382 1 12 10 7 1031 3 23 51 110
383 7 12 10 3 136 5 63 66 2920
384 20 12 10 9 932 3 13 16 310
385 18 12 10 9 193 3 8 13 50
386 44 11 9 8 269 7 55 58 290
387 2 12 10 11 322 2 7 10 580
388 18 12 10 9 168 3 59 64 40
389 20 12 10 9 932 3 66 71 310
390 39 12 8 8 376 6 20 48 150
391 12 7 5 4 342 4 51 56 80
392 1 12 10 8 1785 1 49 56 200
393 42 12 10 7 982 3 6 9 200
394 7 12 10 5 255 5 51 56 4380
395 1 12 10 8 1785 1 59 66 200
396 29 12 10 8 908 2 70 73 340
397 20 12 10 9 932 3 20 23 310
398 44 12 10 9 285 2 57 62 350
399 31 12 10 2 148 2 14 18 230
400 42 12 10 11 773 2 64 69 210
401 42 12 10 7 971 3 13 16 190
402 12 7 5 4 299 4 58 63 70
403 10 12 10 7 754 3 23 23 300
404 41 12 10 6 699 2 65 70 100
405 45 12 10 9 701 3 62 65 500
406 10 12 10 7 754 3 51 56 340
407 3 12 10 11 381 2 69 72 230
408 4 12 10 7 1013 3 17 22 150
409 25 12 10 10 965 3 65 70 210
410 7 12 10 11 113 5 49 52 750
411 42 12 10 11 796 2 71 76 220
412 1 12 10 8 1785 1 7 14 200
413 22 12 10 9 178 3 69 76 70
414 5 12 10 9 453 3 13 16 190
415 6 12 10 7 745 3 64 69 90
416 32 12 10 3 91 5 58 63 550
417 7 12 10 11 85 5 58 63 430
418 15 12 10 7 949 3 55 62 120
419 10 12 10 7 754 3 58 63 340
420 12 7 5 4 342 4 65 70 80
421 23 12 10 9 690 3 14 21 130
422 2 12 10 5 224 2 63 66 1820
423 16 12 10 6 542 2 15 20 870
424 25 12 10 10 965 3 22 48 210
425 40 12 10 7 980 3 57 62 140
426 13 12 10 2 49 2 13 16 1600
427 36 12 10 9 426 3 23 49 800
428 17 12 10 4 109 5 51 56 600
429 10 12 10 9 770 3 22 48 340
430 24 12 10 9 225 3 16 23 50
431 2 12 10 3 122 2 9 14 910
432 20 12 10 9 932 3 55 58 310
433 44 12 10 9 285 2 8 13 350
434 40 12 10 7 987 3 8 13 120
435 2 12 10 11 532 2 9 14 4550
436 45 12 10 9 685 3 14 17 440
437 7 12 10 11 114 5 9 14 1250
438 33 12 10 11 720 2 56 63 490
439 21 12 10 11 326 2 58 65 270
440 16 12 10 6 542 2 8 13 870
441 10 12 10 7 754 3 55 55 300
442 32 12 10 11 221 2 21 24 150
443 8 12 10 7 919 3 64 69 170
444 20 12 10 9 933 3 15 20 330
445 13 12 10 2 102 2 13 16 2720
446 7 12 10 3 136 5 49 52 2920
447 3 12 10 11 381 2 48 51 230
448 10 12 10 7 754 3 65 70 340
449 10 12 10 7 754 3 51 51 300
450 36 12 10 9 426 3 9 14 800
451 17 12 10 4 134 5 49 52 220
452 26 12 10 9 154 3 57 62 20
453 31 12 10 3 143 2 14 18 30
454 37 12 10 11 359 2 57 62 500
455 6 12 10 7 745 3 71 76 90
456 17 12 10 4 109 5 9 14 600
457 26 12 10 9 215 3 1 6 140
458 45 12 10 9 701 3 49 52 500
459 12 7 5 4 342 4 49 52 80
460 26 12 10 9 154 3 22 48 20
461 45 12 10 9 537 3 14 17 130
462 10 12 10 9 770 3 58 63 340
463 26 12 10 9 154 3 8 13 20
464 13 12 10 2 168 2 55 58 2100
465 20 12 10 9 932 3 17 22 310
466 10 12 10 7 754 3 48 48 300
467 29 12 10 8 908 2 63 66 340
468 37 12 10 11 359 2 8 13 500
469 8 12 10 7 919 3 50 55 170
470 45 12 10 9 701 3 48 51 500
471 12 7 5 4 299 4 51 56 70
472 10 12 10 9 967 3 20 23 400
473 31 12 10 2 148 2 21 25 230
474 2 12 10 5 293 2 23 49 2480
475 18 12 10 9 193 3 22 48 50
476 33 12 10 11 720 2 7 14 490
477 8 12 10 7 919 3 71 76 170
478 23 12 10 9 690 3 21 49 130
479 19 12 10 2 169 2 3 8 510
480 7 12 10 7 373 5 14 17 1290
481 10 12 10 9 770 3 51 56 340
482 31 7 5 4 186 4 49 53 60
483 42 12 10 7 982 3 62 65 200
484 40 12 10 7 980 3 64 69 140
485 18 12 10 9 168 3 70 73 40
486 2 12 10 7 430 2 58 63 3720
487 2 12 10 9 359 3 9 14 180
488 1 12 10 8 936 1 59 66 90
489 44 12 10 9 283 2 20 23 370
490 8 12 10 7 895 3 62 65 150
491 42 12 10 11 773 2 69 72 210
492 42 12 10 7 982 3 6 6 200
493 6 12 10 7 745 3 57 62 90
494 11 12 10 3 187 2 59 64 3720
495 42 12 10 7 971 3 20 23 190
496 31 12 10 5 604 2 14 18 480
497 45 12 10 9 701 3 22 48 500
498 31 12 10 13 888 2 21 25 150
499 12 7 5 4 342 4 58 63 80
500 31 12 10 3 143 2 14 18 30
501 10 12 10 7 754 3 64 69 340
502 10 12 10 7 754 3 69 72 340
503 30 12 10 11 696 2 14 21 100
504 3 12 10 6 703 2 69 72 210
505 44 12 10 9 285 2 15 20 350
506 8 12 10 7 895 3 64 69 150
507 36 12 10 9 426 3 6 9 800
508 31 12 10 5 288 2 7 11 240
509 18 12 10 9 193 3 15 20 50
510 40 12 10 7 987 3 15 20 120
511 40 12 10 7 980 3 22 48 140
512 2 12 10 11 532 2 23 49 4550
513 40 12 10 7 980 3 71 76 140
514 45 12 10 9 685 3 71 76 440
515 8 12 10 7 895 3 56 59 150
516 12 12 10 5 534 5 7 10 150
517 18 12 10 9 168 3 66 71 40
518 2 12 10 11 322 2 9 14 580
519 26 12 10 9 155 3 66 71 20
520 2 12 10 7 430 2 51 56 3720
521 32 12 10 11 221 2 14 17 150
522 23 12 10 9 690 3 52 59 130
523 28 12 10 9 231 3 22 23 1850
524 36 12 10 9 426 3 49 52 800
525 17 12 10 4 109 5 16 21 600
526 45 12 10 9 701 3 20 23 500
527 23 12 10 9 773 3 56 63 100
528 39 12 8 8 376 6 13 20 150
529 44 12 10 9 285 2 22 48 350
530 2 12 10 3 156 2 65 70 1240
531 20 12 10 9 932 3 13 16 310
532 26 12 10 9 154 3 1 6 20
533 16 12 10 6 542 2 57 62 870
534 24 12 10 9 225 3 58 65 50
535 38 12 10 10 122 2 57 62 200
536 23 12 10 9 690 3 59 66 130
537 37 12 10 11 359 2 15 20 500
538 18 12 10 9 168 3 63 66 40
539 12 7 5 4 299 4 65 70 70
540 7 12 10 7 373 5 56 59 1290
541 2 12 10 5 293 2 16 21 2480
542 45 12 10 9 701 3 63 66 500
543 42 12 10 7 982 3 69 72 200
544 10 12 10 9 770 3 20 23 340
545 7 12 10 11 114 5 16 21 1250
546 20 12 10 9 933 3 48 51 330
547 14 12 10 11 424 2 13 16 850
548 10 12 10 7 754 3 58 58 300
549 19 12 10 6 853 2 66 71 440
550 41 12 10 9 557 3 51 56 80
551 45 12 10 9 701 3 51 56 500
552 34 12 10 9 951 3 7 14 290
553 13 12 10 5 354 2 69 72 1700
554 31 12 10 3 143 2 7 11 30
555 6 12 10 7 745 3 69 72 90
556 18 12 10 9 199 3 17 22 60
557 29 12 10 6 587 2 14 17 250
558 3 12 10 11 597 2 48 51 280
559 17 12 10 4 109 5 23 49 600
560 36 12 10 9 426 3 16 21 800
561 10 12 10 9 770 3 57 62 340
562 31 12 10 3 62 2 63 67 420
563 5 12 10 9 453 3 50 55 190
564 26 12 10 9 154 3 59 64 20
565 13 12 10 2 168 2 13 16 3000
566 28 12 10 9 238 3 21 22 2250
567 12 7 5 4 342 4 58 63 80
568 45 12 10 9 537 3 56 59 130
569 36 12 10 9 426 3 55 58 800
570 42 12 10 6 588 2 22 48 170
571 3 12 10 11 381 2 62 65 230
572 3 12 10 6 703 2 62 65 210
573 25 12 10 10 965 3 15 20 210
574 45 12 10 9 537 3 55 58 130
575 34 12 10 9 951 3 63 70 290
576 20 12 10 9 932 3 55 58 310
577 42 12 10 11 796 2 64 69 220
578 31 12 10 3 188 2 70 74 80
579 20 12 10 9 933 3 15 20 330
580 8 12 10 7 895 3 56 59 150
581 22 12 10 9 173 3 13 20 90
582 2 12 10 11 586 2 23 49 660
583 1 12 10 7 1031 3 51 58 110
584 8 12 10 7 895 3 69 72 150
585 36 12 10 9 426 3 21 24 800
586 31 7 5 4 186 4 14 18 60
587 12 7 5 4 299 4 70 73 70
588 5 12 10 9 453 3 64 69 190
589 45 12 10 9 537 3 71 76 130
590 16 12 10 6 542 2 22 48 870
591 17 12 10 4 134 5 70 73 220
592 42 12 10 7 990 3 13 16 190
593 45 12 10 9 537 3 16 21 130
594 3 12 10 11 307 2 69 72 210
595 12 7 5 4 342 4 63 66 80
596 25 12 10 10 965 3 20 23 210
597 31 12 10 5 288 2 14 18 240
598 13 12 10 2 97 2 62 65 2560
599 27 12 10 9 890 3 64 69 420
600 23 12 10 9 690 3 56 63 130
601 18 12 10 9 168 3 49 52 40
602 2 12 10 9 359 3 56 59 180
603 45 12 10 9 685 3 13 16 440
604 11 12 10 3 166 2 66 71 3720
605 26 12 10 9 155 3 15 20 20
606 2 12 10 11 586 2 16 21 660
607 31 12 10 2 148 2 49 53 230
608 1 12 10 8 1785 1 14 21 200
609 45 12 10 9 701 3 58 63 500
610 7 12 10 4 195 5 56 59 4380
611 26 12 10 9 154 3 52 57 20
612 8 12 10 7 919 3 71 76 170
613 2 12 10 9 359 3 7 10 180
614 43 12 10 9 836 3 22 48 310
615 45 12 10 9 537 3 21 24 130
616 24 12 10 9 203 3 51 58 40
617 10 12 10 7 754 3 62 65 340
618 32 12 10 11 221 2 9 14 150
619 1 12 10 8 936 1 23 51 90
620 39 12 8 8 376 6 55 62 150
621 6 12 10 7 745 3 24 50 90
622 2 12 10 11 322 2 14 17 580
623 42 12 10 3 104 2 22 48 4170
624 3 12 10 2 124 2 48 51 510
625 5 12 10 9 453 3 15 20 190
626 31 12 10 13 897 2 14 18 180
627 31 12 10 5 252 2 7 11 160
628 20 12 10 9 932 3 59 64 310
629 44 11 9 8 269 7 13 16 290
630 13 12 10 5 354 2 62 65 700
631 45 12 10 9 685 3 21 24 440
632 42 12 10 11 773 2 50 55 210
633 45 12 10 9 537 3 24 50 130
634 43 12 10 9 836 3 57 62 310
635 8 12 10 7 895 3 50 55 150
636 23 12 10 9 773 3 14 21 100
637 25 12 10 10 965 3 66 71 210
638 7 12 10 11 113 5 70 73 750
639 25 12 10 10 965 3 8 13 210
640 42 12 10 11 796 2 50 55 220
641 17 12 10 4 134 5 58 63 220
642 18 12 10 9 199 3 64 69 60
643 31 12 10 3 135 2 49 53 80
644 2 12 10 5 293 2 9 14 2480
645 8 12 10 7 919 3 23 49 170
646 12 12 10 5 534 5 9 14 150
647 3 12 10 6 703 2 48 51 210
648 31 12 10 2 148 2 7 11 230
649 38 12 10 10 122 2 15 20 200
650 32 12 10 11 221 2 16 21 150
651 7 12 10 11 113 5 65 70 750
652 20 12 10 9 933 3 20 23 330
653 14 12 10 11 424 2 55 58 850
654 40 12 10 7 980 3 50 55 140
655 25 12 10 10 965 3 57 62 210
656 13 12 10 4 271 2 48 51 1600
657 2 12 10 9 359 3 14 17 180
658 20 12 10 9 932 3 71 76 310
659 18 12 10 9 199 3 56 59 60
660 36 12 10 9 426 3 13 16 800
661 45 12 10 9 537 3 14 17 130
662 10 12 10 9 770 3 15 20 340
663 13 12 10 2 25 2 62 65 320
664 37 12 10 11 359 2 22 48 500
665 45 12 10 9 701 3 65 70 500
666 27 12 10 9 890 3 62 65 420
667 22 12 10 9 173 3 20 48 90
668 26 12 10 9 155 3 63 66 20
669 18 12 10 9 193 3 63 66 50
670 6 12 10 7 894 3 65 70 110
671 1 12 10 8 1658 1 66 73 170
672 45 12 10 9 685 3 23 49 440
673 26 12 10 9 155 3 22 48 20
674 17 12 10 4 134 5 51 56 220
675 2 12 10 9 429 2 65 70 3640
676 17 12 10 4 134 5 63 66 220
677 1 12 10 8 1785 1 24 52 200
678 7 12 10 11 114 5 23 49 1250
679 42 12 10 7 990 3 55 58 190
680 42 12 10 7 982 3 50 55 200
681 18 12 10 9 168 3 22 48 40
682 18 12 10 9 199 3 7 10 60
683 31 12 10 3 62 2 21 25 420
684 5 12 10 9 453 3 20 23 190
685 40 12 10 7 980 3 24 50 140
686 12 7 5 4 342 4 63 66 80
687 14 12 10 11 442 2 71 76 750
688 27 12 10 9 890 3 69 72 420
689 1 12 10 8 1658 1 14 14 170
690 13 12 10 2 111 2 69 72 2960
691 45 12 10 9 685 3 16 21 440
692 31 12 10 3 143 2 56 60 30
693 45 12 10 9 701 3 70 73 500
694 8 12 10 7 919 3 55 58 170
695 12 7 5 4 342 4 70 73 80
696 12 7 5 4 342 4 65 70 80
697 25 12 10 10 965 3 49 52 210
698 34 12 10 9 951 3 56 63 290
699 18 12 10 9 199 3 50 55 60
700 13 12 10 2 126 2 20 23 1820
701 45 12 10 9 685 3 55 58 440
702 29 12 10 8 908 2 65 70 340
703 38 12 10 10 122 2 8 13 200
704 4 12 10 7 1013 3 50 55 150
705 19 12 10 6 853 2 52 57 440
706 42 12 10 3 119 2 48 51 5550
707 22 12 10 9 173 3 55 62 90
708 31 12 10 2 148 2 63 67 230
709 40 12 10 7 980 3 15 15 140
710 32 12 10 11 221 2 23 49 150
711 13 12 10 2 121 2 48 51 1660
712 43 12 10 9 836 3 8 13 310
713 42 12 10 3 151 2 13 16 3450
714 7 12 10 11 114 5 21 24 1250
715 7 12 10 7 373 5 7 10 1290
716 31 12 10 3 135 2 56 60 80
717 29 12 10 8 908 2 58 63 340
718 22 12 10 9 173 3 48 55 90
719 26 12 10 9 155 3 8 13 20
720 44 12 10 9 283 2 57 62 370
721 42 12 10 11 796 2 48 51 220
722 31 12 10 13 891 2 56 60 140
723 20 12 10 9 932 3 8 8 310
724 1 12 10 7 1031 3 55 62 110
725 20 12 10 9 932 3 69 72 310
726 45 12 10 9 685 3 59 64 440
727 31 7 5 4 186 4 7 11 60
728 43 12 10 9 836 3 15 20 310
729 23 12 10 9 690 3 17 24 130
730 20 12 10 9 933 3 20 23 330
731 42 12 10 11 773 2 20 23 210
732 23 12 10 9 690 3 63 70 130
733 18 12 10 9 168 3 15 20 40
734 18 12 10 9 199 3 3 8 60
735 40 12 10 7 987 3 66 71 120
736 18 12 10 9 199 3 71 76 60
737 13 12 10 2 44 2 20 23 580
738 24 12 10 2 34 2 65 72 660
739 8 12 10 7 919 3 49 52 170
740 8 12 10 7 895 3 62 65 150
741 26 12 10 9 215 3 70 73 140
742 45 12 10 9 701 3 64 69 500
743 8 12 10 7 919 3 23 49 170
744 26 12 10 9 215 3 17 22 140
745 31 12 10 5 252 2 14 18 160
746 12 7 5 4 299 4 65 70 70
747 42 12 10 7 989 3 15 20 230
748 23 12 10 9 690 3 17 17 130
749 14 12 10 11 424 2 71 76 850
750 3 12 10 11 307 2 13 16 210
751 44 12 10 9 285 2 13 16 350
752 12 7 5 4 342 4 9 14 80
753 7 12 10 7 373 5 23 49 1290
754 13 12 10 2 130 2 6 9 2360
755 31 12 10 4 458 2 63 67 360
756 42 12 10 7 982 3 57 62 200
757 18 12 10 9 193 3 52 57 50
758 41 12 10 6 683 2 65 70 100
759 16 12 10 6 542 2 20 23 870
760 42 12 10 3 92 2 20 23 1380
761 26 12 10 9 154 3 66 71 20
762 35 12 10 7 591 3 57 57 60
763 43 12 10 9 836 3 64 69 310
764 15 12 10 7 949 3 69 76 120
765 5 12 10 9 453 3 57 62 190
766 7 12 10 7 373 5 70 73 1290
767 17 12 10 4 109 5 63 66 600
768 23 12 10 9 690 3 66 73 130
769 7 12 10 11 113 5 58 63 750
770 18 12 10 9 193 3 10 15 50
771 31 12 10 3 62 2 49 53 420
772 34 12 10 9 951 3 21 49 290
773 42 12 10 11 796 2 69 72 220
774 23 12 10 9 690 3 56 63 130
775 45 12 10 9 537 3 50 55 130
776 7 12 10 2 77 5 16 21 1460
777 42 12 10 11 796 2 22 48 220
778 23 12 10 9 690 3 10 10 130
779 3 12 10 11 597 2 13 16 280
780 17 12 10 4 109 5 56 59 600
781 45 12 10 9 537 3 70 73 130
782 45 12 10 9 537 3 17 22 130
783 45 12 10 9 701 3 57 62 500
784 42 12 10 6 588 2 15 20 170
785 8 12 10 7 919 3 70 73 170
786 13 12 10 2 168 2 62 65 1800
787 31 12 10 3 135 2 63 67 80
788 42 12 10 7 982 3 64 69 200
789 22 12 10 9 178 3 62 69 90
790 1 12 10 8 936 1 24 52 90
791 45 12 10 9 537 3 23 49 130
792 23 12 10 9 690 3 49 56 130
793 31 12 10 3 143 2 70 74 30
794 20 12 10 9 933 3 52 57 330
795 18 12 10 9 199 3 24 50 60
796 22 12 10 9 178 3 20 48 70
797 5 12 10 9 453 3 57 62 190
798 12 7 5 4 299 4 16 21 70
799 12 7 5 4 299 4 56 59 70
800 20 12 10 9 933 3 69 72 330
801 28 12 10 9 238 3 13 14 2250
802 29 12 10 8 908 2 16 21 340
803 30 12 10 11 726 2 56 63 100
804 12 7 5 4 342 4 51 56 80
805 42 12 10 3 104 2 69 72 4860
806 6 12 10 7 745 3 62 65 90
807 45 12 10 9 701 3 21 24 500
808 6 12 10 7 745 3 55 58 90
809 13 12 10 2 86 2 69 72 2040
810 40 12 10 7 987 3 24 50 120
811 3 12 10 3 230 2 69 72 1020
812 20 12 10 9 933 3 64 69 330
813 15 12 10 7 949 3 69 76 120
814 2 12 10 9 359 3 23 49 180
815 17 12 10 4 134 5 9 14 220
816 20 12 10 9 932 3 50 55 310
817 27 12 10 9 890 3 50 55 420
818 26 12 10 9 154 3 17 22 20
819 8 12 10 7 895 3 51 56 150
820 20 12 10 9 933 3 10 15 330
821 45 12 10 9 685 3 70 73 440
822 18 12 10 9 199 3 14 17 60
823 42 12 10 11 773 2 62 65 210
824 26 12 10 9 155 3 50 55 20
825 45 12 10 9 689 3 50 55 710
826 40 12 10 7 987 3 50 55 120
827 45 12 10 9 537 3 71 76 130
828 1 12 10 7 1031 3 10 10 110
829 25 12 10 10 965 3 13 16 210
830 10 12 10 9 967 3 51 56 400
831 25 12 10 10 965 3 71 76 210
832 1 12 10 8 1785 1 17 24 200
833 25 12 10 10 965 3 70 73 210
834 12 7 5 4 299 4 70 73 70
835 21 12 10 11 326 2 23 51 270
836 42 12 10 7 971 3 8 13 190
837 6 12 10 7 894 3 48 51 110
838 8 12 10 7 895 3 20 20 150
839 30 12 10 11 726 2 21 49 100
840 5 12 10 9 453 3 64 69 190
841 44 12 10 9 285 2 55 58 350
842 10 12 10 7 754 3 14 14 300
843 26 12 10 9 154 3 7 10 20
844 18 12 10 9 168 3 57 62 40
845 45 12 10 9 537 3 13 16 130
846 31 12 10 3 278 2 56 60 460
847 5 12 10 9 453 3 69 72 190
848 42 12 10 7 990 3 62 65 190
849 22 12 10 9 173 3 69 76 90
850 6 12 10 7 894 3 16 21 110
851 28 12 10 9 231 3 15 16 1850
852 20 12 10 9 933 3 57 62 330
853 8 12 10 7 895 3 71 76 150
854 31 12 10 2 148 2 70 74 230
855 31 12 10 3 62 2 56 60 420
856 36 12 10 9 426 3 8 13 800
857 7 12 10 11 113 5 16 21 750
858 8 12 10 7 919 3 62 65 170
859 1 12 10 7 1031 3 20 20 110
860 26 12 10 9 154 3 49 52 20
861 1 12 10 8 936 1 13 13 90
862 13 12 10 6 438 2 6 9 4800
863 12 7 5 4 342 4 21 24 80
864 17 12 10 4 109 5 21 24 600
865 30 12 10 9 814 3 49 56 100
866 10 12 10 7 754 3 71 76 340
867 42 12 10 6 588 2 64 69 170
868 3 12 10 2 124 2 13 16 510
869 29 12 10 6 587 2 70 73 250
870 12 7 5 4 342 4 56 59 80
871 45 12 10 9 701 3 15 20 500
872 45 12 10 9 685 3 69 72 440
873 45 12 10 9 537 3 59 64 130
874 26 12 10 9 154 3 3 8 20
875 42 12 10 6 588 2 57 62 170
876 5 12 10 9 453 3 69 72 190
877 40 12 10 7 987 3 17 22 120
878 40 12 10 7 980 3 24 50 140
879 40 12 10 7 987 3 17 22 120
880 13 12 10 6 670 2 62 65 170
881 36 12 10 9 426 3 50 55 800
882 31 12 10 2 148 2 14 18 230
883 8 12 10 7 895 3 14 14 150
884 31 12 10 13 897 2 63 67 180
885 44 11 9 8 269 7 8 13 290
886 28 12 10 9 231 3 21 22 1850
887 18 12 10 9 168 3 64 69 40
888 31 7 5 4 186 4 49 53 60
889 1 12 10 7 1031 3 69 76 110
890 20 12 10 9 932 3 8 13 310
891 27 12 10 9 890 3 55 58 420
892 10 12 10 9 838 3 58 63 460
893 20 12 10 9 932 3 64 69 310
894 7 12 10 11 114 5 56 59 1250
895 44 11 9 8 269 7 20 23 290
896 11 12 10 3 229 2 3 8 6200
897 1 12 10 8 936 1 66 73 90
898 45 12 10 9 537 3 55 58 130
899 22 12 10 9 178 3 20 48 90
900 8 12 10 7 919 3 63 66 170
901 7 12 10 7 373 5 16 21 1290
902 8 12 10 7 919 3 51 56 170
903 19 12 10 2 169 2 10 15 510
904 40 12 10 7 980 3 50 55 140
905 42 12 10 7 989 3 1 6 230
906 3 12 10 11 307 2 48 51 210
907 44 12 10 9 285 2 71 76 350
908 13 12 10 2 124 2 48 51 2800
909 25 12 10 10 965 3 6 9 210
910 42 12 10 7 990 3 8 13 190
911 1 12 10 7 1031 3 65 72 110
912 1 12 10 7 1031 3 59 66 110
913 25 12 10 10 965 3 59 64 210
914 2 12 10 11 532 2 51 56 4550
915 11 12 10 3 40 2 10 15 620
916 31 12 10 2 148 2 70 74 230
917 42 12 10 6 588 2 48 51 170
918 8 12 10 7 919 3 48 51 170
919 26 12 10 9 154 3 24 50 20
920 7 12 10 7 373 5 65 70 1290
921 10 12 10 7 754 3 49 49 300
922 20 12 10 9 932 3 59 64 310
923 10 12 10 9 967 3 71 76 400
924 45 12 10 9 685 3 22 48 440
925 8 12 10 7 895 3 63 66 150
926 45 12 10 9 701 3 10 15 500
927 18 12 10 11 248 2 3 8 310
928 31 12 10 3 143 2 63 67 30
929 10 12 10 7 754 3 13 13 300
930 18 12 10 9 193 3 21 24 50
931 1 12 10 8 1785 1 66 73 200
932 8 12 10 7 919 3 56 59 170
933 5 12 10 9 453 3 48 51 190
934 40 12 10 7 980 3 52 57 140
935 20 12 10 9 933 3 48 51 330
936 30 12 10 9 814 3 56 63 100
937 19 12 10 3 320 2 66 71 1020
938 2 12 10 11 322 2 16 21 580
939 1 12 10 8 1785 1 3 10 200
940 20 12 10 9 932 3 71 76 310
941 28 12 10 9 238 3 16 17 2250
942 18 12 10 9 193 3 56 59 50
943 12 7 5 4 342 4 21 24 80
944 45 12 10 9 537 3 69 72 130
945 20 12 10 9 932 3 15 20 310
946 44 12 10 9 285 2 48 51 350
947 45 12 10 9 685 3 58 63 440
948 22 12 10 9 178 3 62 69 70
949 42 12 10 6 588 2 1 6 170
950 10 12 10 9 967 3 55 58 400
951 3 12 10 5 226 2 62 65 560
952 42 12 10 6 588 2 69 72 170
953 6 12 10 7 894 3 62 65 110
954 45 12 10 9 685 3 66 71 440
955 14 12 10 11 442 2 13 16 750
956 18 12 10 9 168 3 1 6 40
957 17 12 10 4 109 5 58 63 600
958 40 12 10 7 980 3 59 64 140
959 40 12 10 7 987 3 59 64 120
960 25 12 10 10 965 3 23 49 210
961 8 12 10 7 919 3 69 72 170
962 8 12 10 7 919 3 55 58 170
963 45 12 10 9 537 3 24 50 130
964 40 12 10 7 987 3 59 64 120
965 7 12 10 11 114 5 63 66 1250
966 15 12 10 7 949 3 48 55 120
967 12 7 5 4 342 4 56 59 80
968 45 12 10 9 701 3 56 59 500
969 26 12 10 9 154 3 14 17 20
970 26 12 10 9 155 3 3 8 20
971 40 12 10 7 987 3 8 13 120
972 6 12 10 7 894 3 57 62 110
973 13 12 10 2 77 2 6 9 2720
974 30 12 10 9 814 3 21 49 100
975 10 12 10 9 770 3 9 14 340
976 18 12 10 9 168 3 21 24 40
977 42 12 10 3 63 2 1 6 2070
978 7 12 10 11 114 5 58 63 1250
979 1 12 10 7 1031 3 48 55 110
980 4 12 10 7 1013 3 66 71 150
981 26 12 10 9 154 3 70 73 20
982 29 12 10 6 587 2 23 49 250
983 11 12 10 3 187 2 24 50 3100
984 15 12 10 7 949 3 48 55 120
985 18 12 10 9 193 3 64 69 50
986 45 12 10 9 537 3 50 55 130
987 39 12 8 8 376 6 69 76 150
988 30 12 10 11 696 2 7 14 100
989 45 12 10 9 685 3 57 62 440
990 44 11 9 8 269 7 71 76 290
991 45 12 10 9 537 3 62 65 130
992 31 12 10 13 897 2 7 11 170
993 45 12 10 9 685 3 17 22 440
994 13 12 10 2 111 2 20 23 740
995 45 12 10 9 685 3 49 52 440
996 36 12 10 9 426 3 14 17 800
997 45 12 10 9 537 3 13 16 130
998 23 12 10 9 690 3 59 66 130
999 5 12 10 9 453 3 48 51 190
1000 40 12 10 7 987 3 66 71 120
1001 20 12 10 9 932 3 57 62 310
1002 28 12 10 9 238 3 13 14 1940
1003 28 12 10 9 238 3 22 23 2250
1004 36 12 10 9 426 3 71 76 800
1005 20 12 10 9 933 3 62 65 330
1006 12 7 5 4 299 4 7 10 70
1007 3 12 10 11 381 2 20 23 230
1008 7 12 10 3 136 5 70 73 2920
1009 45 12 10 9 537 3 66 71 130
1010 36 12 10 9 426 3 51 56 800
1011 3 12 10 6 703 2 20 23 210
1012 20 12 10 9 933 3 9 9 330
1013 32 12 10 11 221 2 51 56 150
1014 2 12 10 11 322 2 21 24 580
1015 1 12 10 8 936 1 55 62 90
1016 42 12 10 11 796 2 1 6 220
1017 45 12 10 9 685 3 24 50 440
1018 3 12 10 11 307 2 55 58 210
1019 26 12 10 10 140 2 3 8 130
1020 13 12 10 3 154 2 6 9 5100
1021 29 12 10 8 908 2 56 59 340
1022 13 12 10 2 86 2 13 16 3400
1023 8 12 10 7 895 3 55 58 150
1024 33 12 10 11 720 2 14 21 490
1025 16 12 10 6 542 2 62 65 870
1026 40 12 10 7 980 3 66 71 140
1027 20 12 10 9 933 3 10 15 330
1028 14 12 10 11 424 2 8 13 850
1029 20 12 10 9 933 3 59 64 330
1030 45 12 10 9 537 3 23 49 130
1031 18 12 10 9 168 3 52 57 40
1032 26 12 10 9 155 3 52 57 20
1033 32 12 10 11 221 2 56 59 150
1034 21 12 10 11 326 2 65 72 270
1035 26 12 10 9 154 3 71 76 20
1036 42 12 10 5 312 2 20 23 6210
1037 42 12 10 7 982 3 48 51 200
1038 45 12 10 9 537 3 49 52 130
1039 27 12 10 9 890 3 71 76 420
1040 42 12 10 7 971 3 71 76 190
1041 13 12 10 2 150 2 48 51 1220
1042 1 12 10 8 1785 1 63 70 200
1043 45 12 10 9 701 3 69 72 500
1044 12 7 5 4 299 4 58 63 70
1045 3 12 10 11 597 2 69 72 280
1046 45 12 10 9 537 3 57 62 130
1047 29 12 10 6 587 2 16 21 250
1048 42 12 10 7 990 3 50 55 190
1049 31 12 10 3 147 2 63 67 70
1050 44 12 10 9 283 2 64 69 370
1051 28 12 10 9 238 3 14 15 2250
1052 2 12 10 11 586 2 58 63 660
1053 31 12 10 3 143 2 56 60 30
1054 20 12 10 9 932 3 66 71 310
1055 8 12 10 7 895 3 51 56 150
1056 30 12 10 9 814 3 7 14 100
1057 14 12 10 11 424 2 50 55 850
1058 25 12 10 10 965 3 48 51 210
1059 18 12 10 9 168 3 10 15 40
1060 3 12 10 11 542 2 69 72 450
1061 6 12 10 7 894 3 69 72 110
1062 2 12 10 3 156 2 7 10 1240
1063 42 12 10 11 796 2 6 9 220
1064 45 12 10 9 537 3 52 57 130
1065 2 12 10 9 359 3 51 56 180
1066 20 12 10 9 933 3 13 16 330
1067 6 12 10 7 894 3 50 55 110
1068 17 12 10 4 109 5 65 70 600
1069 8 12 10 7 895 3 23 49 150
1070 37 12 10 11 359 2 1 6 500
1071 15 12 10 7 949 3 13 13 120
1072 34 12 10 9 951 3 14 21 290
1073 20 12 10 9 932 3 17 22 310
1074 17 12 10 4 134 5 7 10 220
1075 1 12 10 7 1031 3 58 65 110
1076 18 12 10 11 248 2 17 22 310
1077 17 12 10 4 134 5 56 59 220
1078 40 12 10 7 980 3 22 22 140
1079 31 7 5 4 186 4 7 11 60
1080 14 12 10 11 424 2 62 65 850
1081 29 12 10 6 587 2 51 56 250
1082 31 12 10 5 318 2 7 11 140
1083 13 12 10 2 99 2 13 16 2320
1084 45 12 10 9 537 3 20 23 130
1085 2 12 10 9 359 3 70 73 180
1086 26 12 10 9 155 3 17 22 20
1087 45 12 10 9 685 3 64 69 440
1088 30 12 10 9 814 3 49 56 100
1089 45 12 10 9 685 3 50 55 440
1090 42 12 10 11 773 2 8 13 210
1091 42 12 10 11 796 2 55 58 220
1092 28 12 10 9 238 3 8 9 2250
1093 36 12 10 9 426 3 70 73 800
1094 10 12 10 9 770 3 69 72 340
1095 45 12 10 9 537 3 70 73 130
1096 12 7 5 4 342 4 16 21 80
1097 1 12 10 8 1785 1 10 17 200
1098 31 12 10 13 888 2 70 74 150
1099 8 12 10 7 895 3 70 73 150
1100 2 12 10 11 586 2 7 10 660
1101 16 12 10 6 542 2 50 55 870
1102 27 12 10 9 890 3 22 48 420
1103 2 12 10 11 586 2 63 66 660
1104 28 12 10 9 238 3 48 49 1940
1105 2 12 10 11 322 2 63 66 580
1106 16 12 10 6 542 2 64 69 870
1107 42 12 10 7 982 3 20 23 200
1108 3 12 10 5 226 2 48 51 560
1109 20 12 10 9 933 3 64 69 330
1110 31 12 10 3 42 2 70 74 80
1111 38 12 10 10 122 2 71 76 200
1112 45 12 10 9 537 3 64 69 130
1113 31 12 10 5 288 2 63 67 240
1114 28 12 10 9 231 3 48 49 1850
1115 8 12 10 7 895 3 20 20 150
1116 7 12 10 11 113 5 7 10 750
1117 20 12 10 9 933 3 17 22 330
1118 17 12 10 4 134 5 21 24 220
1119 1 12 10 8 936 1 65 72 90
1120 8 12 10 7 895 3 14 14 150
1121 15 12 10 7 949 3 13 13 120
1122 2 12 10 9 359 3 49 52 180
1123 7 12 10 11 113 5 56 59 750
1124 2 12 10 11 586 2 56 59 660
1125 45 12 10 9 701 3 52 57 500
1126 35 12 10 7 591 3 22 22 60
1127 45 12 10 9 537 3 49 52 130
1128 10 12 10 7 754 3 57 62 340
1129 8 12 10 7 895 3 71 76 150
1130 5 12 10 9 453 3 13 16 190
1131 2 12 10 9 359 3 65 70 180
1132 18 12 10 9 199 3 22 48 60
1133 42 12 10 7 982 3 13 16 200
1134 1 12 10 7 1031 3 13 13 110
1135 45 12 10 9 701 3 59 64 500
1136 19 12 10 2 169 2 24 50 510
1137 42 12 10 3 153 2 20 23 4200
1138 16 12 10 6 542 2 71 76 870
1139 29 12 10 6 587 2 58 63 250
1140 8 12 10 7 919 3 64 69 170
1141 1 12 10 7 1031 3 52 59 110
1142 28 12 10 9 231 3 16 17 1850
1143 7 12 10 11 113 5 23 49 750
1144 8 12 10 7 895 3 24 24 150
1145 14 12 10 11 442 2 8 13 750
1146 3 12 10 9 434 2 55 58 1120
1147 10 12 10 9 770 3 62 65 340
1148 7 12 10 11 113 5 21 24 750
1149 8 12 10 7 895 3 63 66 150
1150 2 12 10 3 122 2 56 59 910
1151 1 12 10 7 1031 3 16 16 110
1152 20 12 10 9 933 3 55 58 330
1153 20 12 10 9 933 3 50 55 330
1154 1 12 10 7 1031 3 62 69 110
1155 45 12 10 9 701 3 23 49 500
1156 7 12 10 7 373 5 58 63 1290
1157 6 12 10 7 745 3 58 63 90
1158 8 12 10 7 895 3 23 23 150
1159 11 12 10 3 61 2 3 8 1240
1160 1 12 10 8 936 1 69 76 90
1161 21 12 10 11 326 2 9 16 270
1162 40 12 10 7 987 3 50 55 120
1163 42 12 10 3 134 2 55 58 6240
1164 13 12 10 2 95 2 55 58 840
1165 30 12 10 9 814 3 63 70 100
1166 45 12 10 9 701 3 13 16 500
1167 18 12 10 9 199 3 59 64 60
1168 7 12 10 2 77 5 9 14 1460
1169 2 12 10 11 586 2 65 70 660
1170 7 12 10 2 77 5 14 17 1460
1171 29 12 10 6 587 2 65 70 250
1172 42 12 10 11 796 2 13 16 220
1173 2 12 10 11 322 2 65 70 580
1174 26 12 10 9 155 3 7 10 20
1175 23 12 10 9 690 3 24 52 130
1176 8 12 10 7 919 3 58 63 170
1177 14 12 10 11 424 2 69 72 850
1178 18 12 10 9 199 3 52 57 60
1179 6 12 10 7 745 3 51 56 90
1180 7 12 10 7 373 5 51 56 1290
1181 40 12 10 7 987 3 24 50 120
1182 20 12 10 9 932 3 10 15 310
1183 30 12 10 9 814 3 14 21 100
1184 6 12 10 7 894 3 24 50 110
1185 25 12 10 10 965 3 62 65 210
1186 42 12 10 6 588 2 6 9 170
1187 1 12 10 7 1031 3 66 73 110
1188 45 12 10 9 537 3 51 56 130
1189 37 12 10 11 359 2 64 69 500
1190 29 12 10 8 908 2 23 49 340
1191 7 12 10 11 114 5 70 73 1250
1192 2 12 10 11 322 2 70 73 580
1193 8 12 10 7 919 3 65 70 170
1194 13 12 10 2 92 2 13 16 1620
1195 6 12 10 7 894 3 55 58 110
1196 33 12 10 11 720 2 63 70 490
1197 3 12 10 11 542 2 55 58 450
1198 44 11 9 8 269 7 50 55 290
1199 26 12 10 9 155 3 56 59 20
1200 2 12 10 11 586 2 70 73 660
1201 18 12 10 9 193 3 50 55 50
1202 42 12 10 3 73 2 13 16 4200
1203 12 12 10 5 516 5 9 14 150
1204 45 12 10 9 537 3 58 63 130
1205 14 12 10 11 442 2 15 20 750
1206 8 12 10 7 895 3 57 62 150
1207 45 12 10 9 537 3 66 71 130
1208 31 12 10 3 49 2 7 11 60
1209 45 12 10 9 537 3 65 70 130
1210 28 12 10 9 231 3 23 24 1850
1211 40 12 10 7 980 3 15 15 140
1212 45 12 10 9 701 3 17 22 500
1213 36 12 10 9 426 3 48 51 800
1214 8 12 10 7 919 3 57 62 170
1215 45 12 10 9 701 3 16 21 500
1216 34 12 10 9 951 3 49 56 290
1217 28 12 10 9 231 3 20 21 1850
1218 15 12 10 7 949 3 20 20 120
1219 31 12 10 2 148 2 49 53 230
1220 37 12 10 11 359 2 50 55 500
1221 23 12 10 9 690 3 21 49 130
1222 42 12 10 7 982 3 22 48 200
1223 26 12 10 9 215 3 3 8 140
1224 21 12 10 11 326 2 2 9 270
1225 28 12 10 9 238 3 48 49 2250
1226 7 12 10 11 113 5 14 17 750
1227 20 12 10 9 933 3 71 76 330
1228 32 12 10 11 221 2 63 66 150
1229 45 12 10 9 537 3 65 70 130
1230 3 12 10 11 597 2 55 58 280
1231 18 12 10 9 199 3 8 13 60
1232 18 12 10 9 199 3 66 71 60
1233 36 12 10 9 426 3 7 10 800
1234 42 12 10 7 971 3 50 55 190
1235 28 12 10 9 238 3 8 9 1940
1236 44 11 9 8 269 7 64 69 290
1237 21 12 10 11 326 2 51 58 270
1238 2 12 10 11 322 2 51 56 580
1239 45 12 10 9 537 3 48 51 130
1240 26 12 10 9 154 3 50 55 20
1241 12 7 5 4 342 4 14 17 80
1242 25 12 10 10 965 3 14 17 210
1243 18 12 10 9 193 3 71 76 50
1244 1 12 10 7 1031 3 24 52 110
1245 36 12 10 9 426 3 56 59 800
1246 40 12 10 7 980 3 66 71 140
1247 10 12 10 9 967 3 62 65 400
1248 42 12 10 11 773 2 22 48 210
1249 27 12 10 9 890 3 8 13 420
1250 18 12 10 9 199 3 57 62 60
1251 36 12 10 9 426 3 69 72 800
1252 29 12 10 8 908 2 21 24 340
1253 29 12 10 8 908 2 9 14 340
1254 7 12 10 11 114 5 65 70 1250
1255 44 12 10 9 283 2 71 76 370
1256 2 12 10 5 293 2 70 73 2480
1257 12 12 10 5 516 5 7 10 150
1258 26 12 10 9 155 3 24 50 20
1259 18 12 10 9 168 3 56 59 40
1260 23 12 10 9 690 3 14 21 130
1261 24 12 10 9 225 3 9 16 50
1262 20 12 10 9 933 3 50 55 330
1263 8 12 10 7 895 3 16 16 150
1264 26 12 10 9 154 3 64 69 20
1265 37 12 10 11 359 2 71 76 500
1266 45 12 10 9 537 3 63 66 130
1267 44 12 10 9 283 2 55 58 370
1268 18 12 10 9 193 3 24 50 50
1269 18 12 10 9 168 3 7 10 40
1270 7 12 10 11 113 5 9 14 750
1271 8 12 10 7 895 3 22 48 150
1272 10 12 10 9 770 3 64 69 340
1273 31 12 10 2 148 2 63 67 230
1274 13 12 10 2 168 2 62 65 1800
1275 3 12 10 2 124 2 55 58 510
1276 42 12 10 7 971 3 64 69 190
1277 45 12 10 9 685 3 65 70 440
1278 45 12 10 9 685 3 10 15 440
1279 39 12 8 8 376 6 48 55 150
1280 8 12 10 7 895 3 24 24 150
1281 44 12 10 9 285 2 50 55 350
1282 4 12 10 7 1013 3 52 57 150
1283 18 12 10 9 162 3 49 52 210
1284 26 12 10 9 155 3 71 76 20
1285 27 12 10 9 890 3 57 62 420
1286 13 12 10 2 86 2 55 58 3400
1287 8 12 10 7 895 3 55 58 150
1288 34 12 10 9 951 3 7 14 290
1289 42 12 10 6 588 2 71 76 170
1290 1 12 10 8 936 1 20 20 90
1291 27 12 10 9 890 3 13 16 420
1292 20 12 10 9 932 3 69 72 310
1293 34 12 10 9 951 3 56 63 290
1294 2 12 10 9 359 3 63 66 180
1295 10 12 10 9 967 3 50 55 400
1296 8 12 10 7 919 3 65 70 170
1297 18 12 10 9 193 3 14 17 50
1298 31 12 10 3 143 2 70 74 30
1299 40 12 10 7 980 3 57 62 140
1300 12 7 5 4 299 4 9 14 70
1301 44 12 10 9 285 2 62 65 350
1302 42 12 10 11 796 2 20 23 220
1303 24 12 10 9 225 3 2 9 50
1304 6 12 10 7 894 3 15 20 110
1305 8 12 10 7 919 3 63 66 170
1306 23 12 10 9 690 3 52 59 130
1307 34 12 10 9 951 3 63 70 290
1308 5 12 10 9 453 3 20 23 190
1309 42 12 10 11 773 2 15 20 210
1310 31 12 10 3 143 2 63 67 30
1311 2 12 10 11 322 2 49 52 580
1312 28 12 10 9 238 3 15 16 2250
1313 36 12 10 9 426 3 62 65 800
1314 7 12 10 7 373 5 49 52 1290
1315 42 12 10 11 796 2 15 20 220
1316 13 12 10 4 271 2 55 58 1000
1317 15 12 10 7 949 3 20 20 120
1318 44 12 10 9 285 2 64 69 350
1319 23 12 10 9 690 3 63 70 130
1320 38 12 10 10 122 2 50 55 200
1321 44 12 10 9 285 2 69 72 350
1322 45 12 10 9 537 3 15 20 130
1323 29 12 10 6 587 2 49 52 250
1324 20 12 10 9 932 3 10 15 310
1325 45 12 10 9 685 3 48 51 440
1326 23 12 10 9 773 3 10 10 100
1327 6 12 10 7 745 3 66 71 90
1328 18 12 10 9 199 3 15 20 60
1329 45 12 10 9 537 3 58 63 130
1330 38 12 10 10 122 2 64 69 200
1331 32 12 10 11 450 5 63 66 140
1332 2 12 10 9 359 3 58 63 180
1333 8 12 10 7 919 3 22 48 170
1334 17 12 10 4 134 5 14 17 220
1335 31 12 10 2 148 2 7 11 230
1336 10 12 10 9 967 3 69 72 400
1337 13 12 10 2 92 2 55 58 2980
1338 28 12 10 9 238 3 23 24 2250
1339 24 12 10 9 225 3 51 58 50
1340 31 12 10 5 288 2 70 74 240
1341 31 12 10 3 143 2 49 53 30
1342 42 12 10 7 982 3 8 13 200
1343 8 12 10 7 895 3 23 49 150
1344 10 12 10 7 754 3 55 58 340
1345 5 12 10 9 453 3 50 55 190
1346 18 12 10 9 168 3 17 22 40
1347 31 7 5 4 186 4 14 18 60
1348 12 7 5 4 299 4 14 17 70
1349 2 12 10 11 322 2 58 63 580
1350 12 7 5 4 342 4 9 14 80
1351 45 12 10 9 537 3 51 56 130
1352 20 12 10 9 932 3 62 65 310
1353 1 12 10 8 936 1 52 59 90
1354 20 12 10 9 933 3 71 76 330
1355 40 12 10 7 980 3 71 76 140
1356 25 12 10 10 965 3 7 10 210
1357 40 12 10 7 980 3 22 48 140
1358 42 12 10 7 982 3 15 20 200
1359 18 12 10 9 168 3 24 50 40
1360 42 12 10 7 971 3 69 72 190
1361 23 12 10 9 773 3 49 56 100
1362 8 12 10 7 919 3 58 63 170
1363 40 12 10 7 987 3 71 76 120
1364 35 12 10 7 591 3 50 50 60
1365 39 12 8 8 376 6 62 69 150
1366 34 12 10 9 951 3 21 49 290
1367 42 12 10 11 796 2 57 62 220
1368 40 12 10 7 987 3 71 76 120
1369 5 12 10 9 453 3 15 20 190
1370 10 12 10 9 770 3 50 55 340
1371 45 12 10 9 701 3 71 76 500
1372 18 12 10 9 199 3 49 52 60
1373 31 12 10 3 159 2 7 11 890
1374 13 12 10 2 168 2 69 72 2100
1375 14 12 10 11 424 2 48 51 850
1376 42 12 10 7 989 3 64 69 230
1377 8 12 10 7 919 3 51 56 170
1378 8 12 10 7 895 3 49 52 150
1379 33 12 10 11 720 2 49 56 490
1380 3 12 10 11 381 2 13 16 230
1381 31 12 10 3 92 2 14 18 720
1382 13 12 10 2 168 2 69 72 2400
1383 8 12 10 7 919 3 48 51 170
1384 44 11 9 8 269 7 62 65 290
1385 13 12 10 5 354 2 13 16 2100
1386 42 12 10 11 796 2 8 13 220
1387 26 12 10 9 155 3 14 17 20
1388 3 12 10 6 703 2 55 58 210
1389 13 12 10 2 82 2 62 65 1640
1390 10 12 10 9 967 3 64 69 400
