nbCamions 450
Id_truck Arrival_time Length Width Height Max_weight Cost
0 15 135 25 26 24000 1500
1 15 135 25 30 24000 1500
2 76 135 25 26 24000 1500
3 8 135 25 26 24000 1500
4 23 135 25 29 24000 1500
5 73 135 25 26 24000 1500
6 22 135 25 26 24000 1500
7 64 135 25 26 24000 1500
8 20 135 25 26 24000 1500
9 59 135 25 26 24000 1500
10 20 135 25 26 24000 1500
11 66 135 25 26 24000 1500
12 16 135 25 26 24000 1500
13 49 135 25 29 24000 1500
14 58 135 25 26 24000 1500
15 58 135 25 26 24000 1500
16 22 135 25 26 24000 1500
17 24 135 25 26 24000 1500
18 71 135 25 26 24000 1500
19 65 135 25 26 24000 1500
20 55 135 25 26 24000 1500
21 65 135 25 29 24000 1500
22 17 135 25 26 24000 1500
23 17 135 25 26 24000 1500
24 51 135 25 26 24000 1500
25 21 135 25 26 24000 1500
26 62 135 25 26 24000 1500
27 56 135 25 29 24000 1500
28 65 135 25 28 24000 1500
29 57 135 25 30 24000 1500
30 15 135 25 26 24000 1500
31 49 135 25 26 24000 1500
32 55 135 25 26 24000 1500
33 73 135 25 26 24000 1500
34 73 135 25 26 24000 1500
35 56 135 25 26 24000 1500
36 55 135 25 26 24000 1500
37 14 135 25 28 24000 1500
38 13 135 25 26 24000 1500
39 74 135 25 29 24000 1500
40 62 135 25 29 24000 1500
41 23 135 25 26 24000 1500
42 76 135 25 26 24000 1500
43 14 135 25 26 24000 1500
44 59 135 25 29 24000 1500
45 52 135 25 29 24000 1500
46 17 135 25 26 24000 1500
47 50 135 25 26 24000 1500
48 52 135 25 26 24000 1500
49 62 135 25 28 24000 1500
50 9 135 25 30 24000 1500
51 76 135 25 26 24000 1500
52 70 135 25 26 24000 1500
53 63 135 25 26 24000 1500
54 13 135 25 26 24000 1500
55 14 135 25 26 24000 1500
56 16 135 25 26 24000 1500
57 62 135 25 26 24000 1500
58 56 135 25 28 24000 1500
59 71 135 25 26 24000 1500
60 62 135 25 29 24000 1500
61 73 135 25 29 24000 1500
62 49 135 25 26 24000 1500
63 62 135 25 26 24000 1500
64 24 135 25 26 24000 1500
65 6 135 25 26 24000 1500
66 56 135 25 26 24000 1500
67 48 135 25 29 24000 1500
68 16 135 25 26 24000 1500
69 9 135 25 26 24000 1500
70 49 135 25 28 24000 1500
71 9 135 25 29 24000 1500
72 11 135 25 29 24000 1500
73 71 135 25 26 24000 1500
74 51 135 25 26 24000 1500
75 70 135 25 26 24000 1500
76 72 135 25 26 24000 1500
77 48 135 25 28 24000 1500
78 55 135 25 26 24000 1500
79 73 135 25 26 24000 1500
80 6 135 25 29 24000 1500
81 64 135 25 29 24000 1500
82 48 135 25 26 24000 1500
83 59 135 25 26 24000 1500
84 48 135 25 29 24000 1500
85 23 135 25 26 24000 1500
86 14 135 25 29 24000 1500
87 57 135 25 29 24000 1500
88 22 135 25 26 24000 1500
89 76 135 25 29 24000 1500
90 20 135 25 26 24000 1500
91 21 135 25 26 24000 1500
92 76 135 25 26 24000 1500
93 55 135 25 26 24000 1500
94 64 135 25 26 24000 1500
95 66 135 25 26 24000 1500
96 10 135 25 26 24000 1500
97 48 135 25 29 24000 1500
98 23 135 25 30 24000 1500
99 63 135 25 26 24000 1500
100 72 135 25 26 24000 1500
101 10 135 25 29 24000 1500
102 17 135 25 29 24000 1500
103 50 135 25 26 24000 1500
104 72 135 25 26 24000 1500
105 69 135 25 29 24000 1500
106 69 135 25 26 24000 1500
107 48 135 25 26 24000 1500
108 51 135 25 26 24000 1500
109 76 135 25 26 24000 1500
110 57 135 25 26 24000 1500
111 70 135 25 26 24000 1500
112 56 135 25 26 24000 1500
113 72 135 25 26 24000 1500
114 71 135 25 29 24000 1500
115 70 135 25 29 24000 1500
116 22 135 25 26 24000 1500
117 56 135 25 28 24000 1500
118 49 135 25 26 24000 1500
119 62 135 25 26 24000 1500
120 56 135 25 26 24000 1500
121 51 135 25 26 24000 1500
122 52 135 25 29 24000 1500
123 16 135 25 26 24000 1500
124 13 135 25 29 24000 1500
125 21 135 25 26 24000 1500
126 14 135 25 26 24000 1500
127 62 135 25 29 24000 1500
128 20 135 25 29 24000 1500
129 20 135 25 26 24000 1500
130 63 135 25 29 24000 1500
131 13 135 25 26 24000 1500
132 63 135 25 26 24000 1500
133 72 135 25 26 24000 1500
134 63 135 25 26 24000 1500
135 58 135 25 26 24000 1500
136 50 135 25 26 24000 1500
137 69 135 25 26 24000 1500
138 24 135 25 26 24000 1500
139 21 135 25 29 24000 1500
140 24 135 25 26 24000 1500
141 59 135 25 29 24000 1500
142 20 135 25 26 24000 1500
143 59 135 25 26 24000 1500
144 17 135 25 26 24000 1500
145 48 135 25 26 24000 1500
146 65 135 25 26 24000 1500
147 9 135 25 26 24000 1500
148 50 135 25 30 24000 1500
149 69 135 25 26 24000 1500
150 66 135 25 29 24000 1500
151 65 135 25 26 24000 1500
152 67 135 25 29 24000 1500
153 16 135 25 26 24000 1500
154 15 135 25 29 24000 1500
155 76 135 25 29 24000 1500
156 23 135 25 29 24000 1500
157 16 135 25 28 24000 1500
158 69 135 25 28 24000 1500
159 51 135 25 26 24000 1500
160 69 135 25 26 24000 1500
161 76 135 25 26 24000 1500
162 69 135 25 29 24000 1500
163 63 135 25 26 24000 1500
164 49 135 25 26 24000 1500
165 59 135 25 26 24000 1500
166 55 135 25 29 24000 1500
167 9 135 25 29 24000 1500
168 51 135 25 26 24000 1500
169 65 135 25 26 24000 1500
170 10 135 25 29 24000 1500
171 65 135 25 26 24000 1500
172 71 135 25 30 24000 1500
173 70 135 25 26 24000 1500
174 50 135 25 26 24000 1500
175 58 135 25 26 24000 1500
176 62 135 25 26 24000 1500
177 66 135 25 26 24000 1500
178 69 135 25 29 24000 1500
179 63 135 25 28 24000 1500
180 55 135 25 26 24000 1500
181 70 135 25 28 24000 1500
182 14 135 25 29 24000 1500
183 63 135 25 26 24000 1500
184 65 135 25 26 24000 1500
185 48 135 25 26 24000 1500
186 64 135 25 26 24000 1500
187 69 135 25 29 24000 1500
188 56 135 25 26 24000 1500
189 53 135 25 29 24000 1500
190 64 135 25 30 24000 1500
191 52 135 25 26 24000 1500
192 20 135 25 29 24000 1500
193 24 135 25 29 24000 1500
194 58 135 25 30 24000 1500
195 23 135 25 28 24000 1500
196 20 135 25 28 24000 1500
197 57 135 25 26 24000 1500
198 76 135 25 26 24000 1500
199 59 135 25 26 24000 1500
200 24 135 25 26 24000 1500
201 20 135 25 29 24000 1500
202 15 135 25 29 24000 1500
203 63 135 25 26 24000 1500
204 21 135 25 28 24000 1500
205 13 135 25 29 24000 1500
206 48 135 25 26 24000 1500
207 59 135 25 26 24000 1500
208 73 135 25 29 24000 1500
209 16 135 25 29 24000 1500
210 50 135 25 26 24000 1500
211 64 135 25 26 24000 1500
212 51 135 25 26 24000 1500
213 23 135 25 26 24000 1500
214 21 135 25 26 24000 1500
215 22 135 25 29 24000 1500
216 8 135 25 30 24000 1500
217 10 135 25 29 24000 1500
218 23 135 25 29 24000 1500
219 24 135 25 26 24000 1500
220 17 135 25 29 24000 1500
221 72 135 25 26 24000 1500
222 48 135 25 29 24000 1500
223 8 135 25 29 24000 1500
224 52 135 25 26 24000 1500
225 72 135 25 29 24000 1500
226 50 135 25 26 24000 1500
227 63 135 25 29 24000 1500
228 48 135 25 26 24000 1500
229 63 135 25 26 24000 1500
230 13 135 25 29 24000 1500
231 24 135 25 29 24000 1500
232 72 135 25 28 24000 1500
233 62 135 25 26 24000 1500
234 49 135 25 26 24000 1500
235 69 135 25 26 24000 1500
236 20 135 25 26 24000 1500
237 64 135 25 26 24000 1500
238 62 135 25 26 24000 1500
239 18 135 25 29 24000 1500
240 48 135 25 26 24000 1500
241 23 135 25 26 24000 1500
242 59 135 25 29 24000 1500
243 65 135 25 26 24000 1500
244 13 135 25 28 24000 1500
245 62 135 25 26 24000 1500
246 49 135 25 26 24000 1500
247 13 135 25 26 24000 1500
248 73 135 25 26 24000 1500
249 55 135 25 26 24000 1500
250 13 135 25 29 24000 1500
251 15 135 25 26 24000 1500
252 70 135 25 26 24000 1500
253 17 135 25 29 24000 1500
254 21 135 25 26 24000 1500
255 66 135 25 26 24000 1500
256 60 135 25 29 24000 1500
257 20 135 25 26 24000 1500
258 62 135 25 26 24000 1500
259 22 135 25 30 24000 1500
260 70 135 25 26 24000 1500
261 70 135 25 28 24000 1500
262 10 135 25 26 24000 1500
263 14 135 25 29 24000 1500
264 69 135 25 29 24000 1500
265 9 135 25 26 24000 1500
266 56 135 25 26 24000 1500
267 17 135 25 26 24000 1500
268 22 135 25 29 24000 1500
269 69 135 25 26 24000 1500
270 76 135 25 26 24000 1500
271 49 135 25 26 24000 1500
272 58 135 25 29 24000 1500
273 16 135 25 29 24000 1500
274 58 135 25 26 24000 1500
275 57 135 25 26 24000 1500
276 20 135 25 26 24000 1500
277 14 135 25 26 24000 1500
278 49 135 25 28 24000 1500
279 56 135 25 26 24000 1500
280 76 135 25 26 24000 1500
281 16 135 25 26 24000 1500
282 20 135 25 29 24000 1500
283 52 135 25 26 24000 1500
284 70 135 25 26 24000 1500
285 71 135 25 26 24000 1500
286 23 135 25 26 24000 1500
287 14 135 25 26 24000 1500
288 24 135 25 26 24000 1500
289 72 135 25 26 24000 1500
290 21 135 25 29 24000 1500
291 76 135 25 26 24000 1500
292 15 135 25 26 24000 1500
293 20 135 25 26 24000 1500
294 72 135 25 29 24000 1500
295 56 135 25 29 24000 1500
296 64 135 25 26 24000 1500
297 8 135 25 26 24000 1500
298 69 135 25 26 24000 1500
299 66 135 25 26 24000 1500
300 57 135 25 26 24000 1500
301 55 135 25 29 24000 1500
302 66 135 25 29 24000 1500
303 16 135 25 29 24000 1500
304 22 135 25 26 24000 1500
305 48 135 25 26 24000 1500
306 55 135 25 29 24000 1500
307 23 135 25 26 24000 1500
308 13 135 25 26 24000 1500
309 62 135 25 29 24000 1500
310 10 135 25 26 24000 1500
311 57 135 25 26 24000 1500
312 58 135 25 26 24000 1500
313 71 135 25 26 24000 1500
314 16 135 25 26 24000 1500
315 55 135 25 26 24000 1500
316 23 135 25 26 24000 1500
317 73 135 25 26 24000 1500
318 58 135 25 29 24000 1500
319 58 135 25 26 24000 1500
320 51 135 25 28 24000 1500
321 51 135 25 26 24000 1500
322 13 135 25 26 24000 1500
323 49 135 25 29 24000 1500
324 51 135 25 29 24000 1500
325 65 135 25 26 24000 1500
326 55 135 25 28 24000 1500
327 22 135 25 26 24000 1500
328 50 135 25 29 24000 1500
329 48 135 25 26 24000 1500
330 62 135 25 26 24000 1500
331 55 135 25 29 24000 1500
332 23 135 25 26 24000 1500
333 49 135 25 26 24000 1500
334 56 135 25 26 24000 1500
335 21 135 25 28 24000 1500
336 48 135 25 26 24000 1500
337 17 135 25 26 24000 1500
338 66 135 25 29 24000 1500
339 71 135 25 26 24000 1500
340 76 135 25 26 24000 1500
341 50 135 25 26 24000 1500
342 72 135 25 30 24000 1500
343 21 135 25 26 24000 1500
344 17 135 25 26 24000 1500
345 24 135 25 29 24000 1500
346 21 135 25 26 24000 1500
347 69 135 25 26 24000 1500
348 64 135 25 26 24000 1500
349 49 135 25 26 24000 1500
350 52 135 25 29 24000 1500
351 62 135 25 26 24000 1500
352 25 135 25 29 24000 1500
353 21 135 25 26 24000 1500
354 56 135 25 26 24000 1500
355 58 135 25 28 24000 1500
356 65 135 25 26 24000 1500
357 55 135 25 29 24000 1500
358 69 135 25 26 24000 1500
359 59 135 25 26 24000 1500
360 16 135 25 26 24000 1500
361 65 135 25 29 24000 1500
362 70 135 25 26 24000 1500
363 52 135 25 26 24000 1500
364 49 135 25 29 24000 1500
365 21 135 25 26 24000 1500
366 10 135 25 26 24000 1500
367 16 135 25 26 24000 1500
368 14 135 25 26 24000 1500
369 10 135 25 26 24000 1500
370 55 135 25 26 24000 1500
371 20 135 25 26 24000 1500
372 63 135 25 28 24000 1500
373 69 135 25 26 24000 1500
374 65 135 25 30 24000 1500
375 57 135 25 26 24000 1500
376 51 135 25 26 24000 1500
377 63 135 25 26 24000 1500
378 71 135 25 26 24000 1500
379 16 135 25 30 24000 1500
380 48 135 25 26 24000 1500
381 51 135 25 29 24000 1500
382 72 135 25 26 24000 1500
383 20 135 25 29 24000 1500
384 73 135 25 26 24000 1500
385 23 135 25 26 24000 1500
386 22 135 25 26 24000 1500
387 55 135 25 26 24000 1500
388 24 135 25 26 24000 1500
389 66 135 25 26 24000 1500
390 15 135 25 26 24000 1500
391 58 135 25 26 24000 1500
392 66 135 25 26 24000 1500
393 62 135 25 26 24000 1500
394 66 135 25 26 24000 1500
395 76 135 25 29 24000 1500
396 62 135 25 29 24000 1500
397 72 135 25 26 24000 1500
398 21 135 25 29 24000 1500
399 76 135 25 29 24000 1500
400 63 135 25 26 24000 1500
401 9 135 25 26 24000 1500
402 50 135 25 26 24000 1500
403 52 135 25 26 24000 1500
404 52 135 25 26 24000 1500
405 76 135 25 29 24000 1500
406 69 135 25 26 24000 1500
407 48 135 25 29 24000 1500
408 76 135 25 26 24000 1500
409 8 135 25 26 24000 1500
410 14 135 25 26 24000 1500
411 51 135 25 26 24000 1500
412 20 135 25 26 24000 1500
413 17 135 25 26 24000 1500
414 76 135 25 28 24000 1500
415 72 135 25 26 24000 1500
416 49 135 25 26 24000 1500
417 10 135 25 29 24000 1500
418 70 135 25 29 24000 1500
419 14 135 25 28 24000 1500
420 23 135 25 26 24000 1500
421 58 135 25 26 24000 1500
422 51 135 25 30 24000 1500
423 71 135 25 26 24000 1500
424 24 135 25 29 24000 1500
425 17 135 25 29 24000 1500
426 73 135 25 26 24000 1500
427 14 135 25 26 24000 1500
428 13 135 25 26 24000 1500
429 15 135 25 26 24000 1500
430 70 135 25 26 24000 1500
431 55 135 25 26 24000 1500
432 48 135 25 26 24000 1500
433 57 135 25 26 24000 1500
434 73 135 25 29 24000 1500
435 55 135 25 26 24000 1500
436 69 135 25 26 24000 1500
437 57 135 25 26 24000 1500
438 13 135 25 26 24000 1500
439 16 135 25 26 24000 1500
440 21 135 25 26 24000 1500
441 56 135 25 26 24000 1500
442 70 135 25 26 24000 1500
443 59 135 25 26 24000 1500
444 52 135 25 26 24000 1500
445 64 135 25 26 24000 1500
446 58 135 25 26 24000 1500
447 22 135 25 26 24000 1500
448 20 135 25 26 24000 1500
449 65 135 25 26 24000 1500
