nbCamions 450
Id_truck Number_of_suppliers Supplier_code
0 1 45
1 1 11
2 1 1
3 1 19
4 1 36
5 1 29
6 1 20
7 1 25
8 1 45
9 1 23
10 1 8
11 1 8
12 1 6
13 1 28
14 3 14 27 16
15 1 3
16 1 6
17 2 7 17
18 1 35
19 2 13 42
20 1 40
21 2 44 5
22 1 1
23 1 1
24 1 20
25 2 7 17
26 1 45
27 1 36
28 1 10
29 1 11
30 1 35
31 1 45
32 1 6
33 1 1
34 1 1
35 1 25
36 1 1
37 1 10
38 1 1
39 1 31
40 2 26 18
41 1 25
42 1 40
43 1 33
44 3 2 12 32
45 1 36
46 1 29
47 1 4
48 1 25
49 1 10
50 2 24 21
51 1 6
52 1 45
53 1 8
54 1 40
55 1 25
56 3 14 27 16
57 3 37 42 38
58 1 10
59 1 45
60 2 44 5
61 1 36
62 1 33
63 3 14 27 16
64 1 8
65 3 37 42 38
66 1 33
67 2 26 18
68 1 3
69 1 25
70 1 10
71 1 36
72 1 31
73 1 4
74 1 6
75 1 8
76 1 6
77 1 10
78 1 20
79 1 25
80 2 26 18
81 2 26 18
82 3 37 42 38
83 2 7 17
84 2 44 5
85 1 1
86 1 36
87 2 26 18
88 1 40
89 1 36
90 3 14 27 16
91 1 8
92 1 25
93 1 15
94 1 6
95 2 7 17
96 1 25
97 1 43
98 2 24 21
99 2 7 17
100 3 14 27 16
101 1 36
102 1 36
103 1 19
104 1 3
105 1 36
106 1 25
107 1 45
108 1 3
109 1 4
110 1 25
111 1 25
112 1 1
113 1 8
114 2 26 18
115 1 36
116 1 25
117 2 30 34
118 2 7 17
119 1 25
120 1 41
121 3 14 27 16
122 2 26 18
123 1 45
124 1 36
125 1 45
126 1 8
127 2 22 39
128 2 44 5
129 3 37 42 38
130 3 2 12 32
131 1 8
132 1 6
133 1 45
134 1 23
135 1 20
136 1 6
137 1 45
138 1 1
139 1 28
140 1 1
141 1 36
142 1 6
143 1 25
144 1 8
145 1 6
146 1 3
147 2 13 42
148 1 11
149 1 8
150 2 26 18
151 3 14 27 16
152 1 31
153 1 8
154 2 26 18
155 2 22 39
156 1 28
157 1 10
158 1 10
159 1 6
160 3 37 42 38
161 1 15
162 2 44 5
163 1 29
164 1 8
165 1 1
166 1 36
167 1 28
168 1 45
169 1 6
170 2 26 18
171 1 45
172 1 11
173 1 33
174 1 45
175 1 1
176 1 15
177 1 45
178 2 26 18
179 2 30 34
180 1 25
181 1 10
182 1 28
183 1 1
184 1 8
185 1 8
186 1 35
187 1 43
188 1 29
189 1 31
190 1 11
191 1 45
192 1 43
193 3 2 12 32
194 2 24 21
195 1 10
196 1 10
197 1 40
198 1 20
199 1 29
200 1 23
201 2 26 18
202 1 28
203 1 41
204 1 10
205 1 43
206 3 14 27 16
207 1 1
208 2 26 18
209 1 28
210 1 35
211 1 45
212 1 8
213 2 13 42
214 1 33
215 2 26 18
216 1 11
217 1 28
218 2 44 5
219 1 25
220 1 28
221 2 13 42
222 2 22 39
223 2 26 18
224 1 8
225 2 44 5
226 1 25
227 1 36
228 1 6
229 1 25
230 2 26 18
231 1 36
232 1 10
233 1 20
234 1 6
235 1 4
236 1 40
237 1 4
238 1 1
239 1 31
240 1 4
241 1 3
242 2 26 18
243 1 20
244 1 10
245 1 6
246 1 41
247 3 37 42 38
248 1 45
249 1 45
250 2 44 5
251 1 40
252 1 1
253 2 26 18
254 1 25
255 1 29
256 1 31
257 1 6
258 1 40
259 1 11
260 1 6
261 2 30 34
262 1 23
263 3 2 12 32
264 2 22 39
265 3 14 27 16
266 2 7 17
267 1 45
268 1 28
269 1 6
270 1 45
271 1 1
272 1 36
273 2 44 5
274 1 25
275 1 20
276 1 1
277 1 23
278 2 30 34
279 1 23
280 3 14 27 16
281 2 13 42
282 1 36
283 2 7 17
284 1 29
285 1 40
286 1 45
287 2 7 17
288 1 29
289 1 25
290 1 36
291 1 8
292 1 25
293 1 25
294 1 36
295 3 2 12 32
296 1 19
297 1 25
298 3 14 27 16
299 1 25
300 1 19
301 2 44 5
302 1 36
303 1 36
304 1 45
305 1 20
306 1 43
307 3 14 27 16
308 1 25
309 1 36
310 2 7 17
311 1 6
312 2 13 42
313 1 25
314 1 25
315 3 37 42 38
316 1 6
317 1 8
318 2 44 5
319 1 6
320 1 10
321 2 13 42
322 3 14 27 16
323 3 2 12 32
324 2 44 5
325 1 6
326 1 10
327 1 35
328 2 26 18
329 1 15
330 1 4
331 2 26 18
332 1 8
333 1 23
334 1 6
335 2 30 34
336 1 40
337 1 25
338 3 2 12 32
339 1 19
340 1 6
341 1 20
342 2 24 21
343 1 1
344 2 7 17
345 1 28
346 1 6
347 1 6
348 1 20
349 1 25
350 3 2 12 32
351 1 6
352 1 31
353 1 29
354 1 45
355 1 10
356 1 25
357 2 22 39
358 1 1
359 1 8
360 1 1
361 1 36
362 2 7 17
363 1 23
364 1 36
365 1 41
366 1 1
367 1 6
368 1 29
369 1 1
370 1 6
371 1 4
372 1 10
373 1 40
374 2 24 21
375 1 4
376 1 25
377 1 33
378 1 6
379 2 24 21
380 1 1
381 1 36
382 1 1
383 2 22 39
384 2 7 17
385 1 20
386 1 4
387 1 4
388 1 45
389 1 23
390 1 19
391 1 45
392 1 1
393 1 8
394 1 1
395 2 26 18
396 1 43
397 1 6
398 3 2 12 32
399 1 43
400 1 45
401 1 20
402 1 40
403 1 1
404 1 1
405 2 44 5
406 1 15
407 1 36
408 3 37 42 38
409 1 20
410 1 41
411 1 1
412 1 20
413 1 23
414 1 10
415 1 20
416 1 29
417 3 2 12 32
418 3 2 12 32
419 2 30 34
420 1 6
421 1 8
422 2 24 21
423 1 20
424 2 26 18
425 3 2 12 32
426 1 23
427 1 1
428 1 20
429 1 20
430 1 23
431 3 14 27 16
432 1 25
433 1 45
434 3 2 12 32
435 1 8
436 1 20
437 1 35
438 1 15
439 1 20
440 1 23
441 1 8
442 1 41
443 1 45
444 1 29
445 1 40
446 1 6
447 1 19
448 1 15
449 1 1
