nbObjets 1890
Id_item Supplier_code Length Width Height Weight Stackability_code Earliest_arrival_time Latest_arrival_time Inventory_cost
0 16 16 12 9 486 5 1 4 140
1 8 16 12 9 492 5 24 50 180
2 5 16 12 9 457 5 50 53 110
3 9 8 6 5 432 3 71 74 80
4 8 16 12 9 533 5 19 24 160
5 4 12 10 11 532 2 59 59 170
6 9 8 6 5 437 3 65 68 80
7 6 12 10 2 22 2 26 52 350
8 3 12 10 9 408 4 50 50 120
9 13 12 10 8 1153 1 54 59 210
10 9 7 5 4 474 6 65 68 60
11 8 16 12 9 374 5 50 53 90
12 10 12 10 8 1175 1 9 12 200
13 14 7 5 4 303 6 60 65 180
14 9 8 6 5 438 3 53 58 90
15 9 8 6 5 428 3 53 58 80
16 1 12 8 3 138 9 65 68 330
17 9 7 5 4 144 6 16 19 40
18 13 8 6 5 437 3 23 26 80
19 13 12 10 8 1683 1 58 61 280
20 9 8 6 5 438 3 9 12 80
21 5 16 12 9 467 5 12 17 190
22 8 16 12 9 492 5 71 74 180
23 13 8 6 5 397 3 18 23 80
24 1 8 6 5 392 7 9 12 280
25 17 16 12 9 486 5 12 17 140
26 9 8 6 5 433 3 17 22 70
27 5 16 12 9 523 5 60 65 150
28 6 12 10 10 178 2 10 10 270
29 17 16 12 9 403 5 51 54 100
30 9 8 6 5 432 3 67 72 80
31 18 12 10 4 94 2 54 59 300
32 9 8 6 5 437 3 59 64 80
33 5 16 12 9 453 5 19 24 110
34 13 8 6 5 437 3 58 61 80
35 9 8 6 5 437 3 8 11 80
36 9 8 6 5 437 3 12 17 80
37 17 16 12 9 486 5 65 68 140
38 4 12 10 11 596 2 64 64 290
39 9 7 5 4 204 6 23 26 40
40 19 16 12 9 142 5 16 19 160
41 17 16 12 9 403 5 19 24 100
42 16 16 12 9 486 5 24 50 140
43 9 7 5 4 144 6 52 57 40
44 5 16 12 9 523 5 50 53 150
45 8 16 12 9 374 5 16 19 90
46 10 12 10 8 1175 1 12 17 200
47 13 12 10 8 1153 1 16 19 210
48 9 7 5 4 285 6 15 18 80
49 13 12 10 8 1153 1 11 16 210
50 13 12 10 8 1153 1 51 54 210
51 1 12 8 7 397 9 58 61 780
52 17 16 12 9 486 5 58 61 140
53 13 8 6 5 397 3 50 53 80
54 9 8 6 5 437 3 23 26 80
55 9 8 6 5 436 3 15 18 80
56 16 12 10 9 454 4 72 75 250
57 13 12 10 8 1233 1 57 60 240
58 16 16 12 9 486 5 3 8 140
59 9 8 6 5 428 3 17 22 80
60 2 12 10 8 1645 1 58 61 170
61 13 8 6 5 437 3 12 17 80
62 10 12 10 8 1360 1 23 26 260
63 14 7 5 4 303 6 18 23 180
64 2 12 10 8 1302 1 23 26 120
65 13 12 10 8 1207 1 22 25 240
66 9 8 6 5 428 3 64 67 80
67 13 8 6 5 397 3 60 65 80
68 10 12 10 8 1175 1 25 51 200
69 13 12 10 8 1606 1 24 50 280
70 9 8 6 5 436 3 26 52 90
71 9 8 6 5 438 3 10 15 90
72 1 8 6 11 130 7 65 68 290
73 13 12 10 8 1233 1 9 12 240
74 18 12 10 5 119 2 17 22 360
75 18 12 10 4 94 2 68 73 300
76 9 8 6 5 433 3 15 18 80
77 2 12 10 8 1302 1 65 68 120
78 1 8 6 3 78 7 9 12 480
79 9 7 5 4 144 6 17 22 40
80 9 8 6 5 428 3 24 50 80
81 1 8 6 3 78 7 51 54 480
82 13 12 10 8 1153 1 53 58 210
83 8 16 12 9 374 5 4 9 90
84 8 16 12 9 374 5 18 23 90
85 17 16 12 9 407 5 22 25 90
86 9 8 6 5 432 3 61 66 80
87 9 8 6 5 437 3 17 22 80
88 19 16 12 9 412 5 12 17 100
89 13 12 10 8 1606 1 25 51 280
90 9 8 6 5 437 3 58 61 80
91 5 16 12 9 453 5 61 66 110
92 9 8 6 5 438 3 73 78 80
93 6 12 10 9 182 4 23 26 40
94 17 16 12 9 486 5 23 26 140
95 13 12 10 8 1153 1 15 18 210
96 9 7 5 4 204 6 65 68 40
97 5 16 12 9 523 5 66 71 150
98 13 12 10 8 1207 1 68 73 240
99 17 16 12 9 403 5 61 66 100
100 5 16 12 9 467 5 58 61 190
101 9 7 5 4 474 6 58 61 60
102 9 8 6 5 436 3 5 10 90
103 1 12 8 7 397 9 23 26 780
104 5 12 10 9 463 4 23 26 230
105 4 12 10 11 532 2 66 66 170
106 17 16 12 9 468 5 25 51 140
107 16 16 12 9 486 5 65 68 140
108 5 16 12 9 453 5 15 18 110
109 19 16 12 9 412 5 54 59 100
110 13 12 10 8 1153 1 73 78 210
111 5 16 12 9 453 5 24 50 110
112 5 16 12 9 457 5 72 75 110
113 5 16 12 9 453 5 9 12 110
114 6 12 10 2 22 2 9 12 350
115 19 16 12 9 412 5 65 68 100
116 8 16 12 9 374 5 72 75 90
117 9 7 5 4 285 6 59 64 80
118 5 16 12 9 453 5 71 74 110
119 9 8 6 5 436 3 64 67 80
120 13 8 6 5 397 3 72 75 80
121 1 8 6 3 59 7 58 61 1100
122 17 16 12 9 468 5 16 19 140
123 9 8 6 5 428 3 22 25 80
124 10 12 10 8 1175 1 24 50 200
125 5 12 10 9 463 4 12 17 230
126 9 7 5 4 271 6 26 52 60
127 9 7 5 4 271 6 11 16 60
128 9 7 5 4 144 6 53 58 40
129 8 16 12 9 492 5 19 24 180
130 13 12 10 8 1233 1 72 75 240
131 2 12 10 8 1302 1 67 72 120
132 10 12 10 8 1152 1 16 19 220
133 19 12 10 9 304 4 54 59 70
134 6 12 10 9 182 4 65 68 40
135 9 8 6 5 433 3 53 58 70
136 9 8 6 5 428 3 16 19 80
137 9 8 6 5 437 3 61 66 80
138 5 16 12 9 423 5 64 67 110
139 5 16 12 9 457 5 60 65 110
140 19 16 12 9 142 5 53 58 160
141 9 7 5 4 144 6 22 25 40
142 14 7 5 4 303 6 58 61 180
143 13 8 6 5 437 3 66 71 80
144 13 8 6 5 437 3 54 59 80
145 18 12 10 4 94 2 10 15 270
146 17 16 12 9 446 5 5 10 90
147 17 16 12 9 486 5 11 16 140
148 1 8 6 3 78 7 65 68 480
149 17 16 12 9 403 5 73 78 100
150 11 12 10 9 505 2 19 24 620
151 17 16 12 9 407 5 53 58 90
152 4 12 10 11 532 2 24 24 170
153 9 8 6 5 433 3 22 25 70
154 9 8 6 5 438 3 15 18 80
155 13 12 10 8 1153 1 72 75 210
156 4 12 10 11 532 2 22 22 170
157 4 12 10 11 596 2 12 12 290
158 9 7 5 4 285 6 24 50 80
159 13 12 10 8 1233 1 12 17 240
160 8 16 12 9 374 5 8 11 90
161 5 12 10 9 463 4 58 61 230
162 9 8 6 5 437 3 71 74 80
163 5 16 12 9 523 5 25 51 150
164 10 12 10 8 1360 1 68 73 260
165 10 12 10 8 1152 1 52 57 220
166 18 12 10 11 173 2 10 15 100
167 1 12 8 7 397 9 65 68 780
168 4 12 10 11 596 2 54 54 290
169 14 7 5 4 303 6 66 71 180
170 5 16 12 9 453 5 51 54 110
171 9 8 6 5 433 3 16 19 70
172 2 12 10 8 1302 1 64 67 120
173 9 8 6 5 433 3 52 57 70
174 10 12 10 8 1228 1 25 51 220
175 9 8 6 5 437 3 15 18 80
176 5 12 10 9 463 4 66 71 230
177 9 8 6 5 438 3 64 67 90
178 3 12 10 9 500 4 66 71 160
179 13 12 10 8 1233 1 10 15 240
180 9 8 6 5 428 3 52 57 80
181 13 12 10 8 1153 1 52 57 210
182 10 12 10 8 1175 1 10 15 200
183 8 16 12 9 533 5 24 50 160
184 9 8 6 5 436 3 73 78 90
185 9 7 5 4 144 6 72 75 40
186 2 12 10 8 1302 1 23 26 120
187 9 8 6 5 437 3 60 65 80
188 8 16 12 9 533 5 26 52 160
189 17 16 12 9 486 5 1 4 140
190 5 16 12 9 467 5 65 68 190
191 8 16 12 9 492 5 8 8 180
192 17 16 12 9 446 5 11 16 90
193 19 12 10 9 304 4 57 60 70
194 9 7 5 4 271 6 73 78 60
195 5 16 12 9 453 5 59 64 110
196 17 16 12 9 468 5 72 75 140
197 16 16 12 9 486 5 66 71 140
198 2 12 10 8 1645 1 59 64 170
199 5 16 12 9 467 5 60 65 190
200 16 16 12 9 486 5 58 61 140
201 15 12 10 9 1114 4 18 18 170
202 9 7 5 4 474 6 60 65 60
203 7 12 10 9 765 4 68 73 180
204 1 12 8 7 403 9 23 26 740
205 9 8 6 5 433 3 22 25 70
206 4 12 10 11 596 2 59 59 290
207 18 12 10 11 173 2 17 22 100
208 8 16 12 9 533 5 67 72 160
209 16 16 12 9 486 5 68 73 140
210 9 7 5 4 204 6 58 61 40
211 9 8 6 5 438 3 57 60 80
212 9 8 6 5 438 3 5 10 80
213 6 12 10 10 178 2 54 59 270
214 8 16 12 9 533 5 59 64 160
215 9 8 6 5 433 3 53 58 80
216 12 8 6 5 265 3 18 23 90
217 13 12 10 8 1153 1 26 52 210
218 9 7 5 4 474 6 10 15 60
219 2 12 10 8 1645 1 73 78 170
220 19 12 10 9 304 4 65 68 70
221 16 16 12 9 486 5 60 65 140
222 10 12 10 8 1228 1 9 12 220
223 9 8 6 5 436 3 54 59 90
224 4 12 10 11 536 2 68 68 170
225 9 8 6 5 432 3 9 12 80
226 4 12 10 11 596 2 52 52 290
227 17 16 12 9 407 5 59 64 90
228 9 8 6 5 433 3 4 9 70
229 16 16 12 9 486 5 5 10 140
230 9 8 6 5 437 3 18 23 80
231 8 16 12 9 374 5 50 53 90
232 9 7 5 4 271 6 8 11 60
233 10 12 10 8 1175 1 72 75 200
234 17 16 12 9 407 5 10 15 90
235 9 7 5 4 271 6 65 68 60
236 3 12 10 9 302 4 22 22 70
237 3 12 10 9 302 4 8 8 70
238 9 8 6 5 438 3 22 25 90
239 10 12 10 8 1152 1 51 54 220
240 13 12 10 8 1233 1 16 19 240
241 5 16 12 9 523 5 58 61 150
242 14 7 5 4 303 6 54 59 180
243 19 12 10 9 304 4 15 18 70
244 13 12 10 8 1233 1 51 54 240
245 4 12 10 11 532 2 71 71 170
246 9 7 5 4 144 6 24 50 40
247 17 16 12 9 468 5 50 53 140
248 13 8 6 5 397 3 65 68 80
249 9 8 6 5 437 3 10 15 80
250 9 7 5 4 271 6 15 18 60
251 9 7 5 4 144 6 8 11 40
252 1 12 8 4 120 9 51 54 260
253 17 16 12 9 403 5 17 22 100
254 5 12 10 9 463 4 8 11 230
255 9 8 6 5 438 3 15 18 90
256 5 12 10 9 463 4 11 16 230
257 1 12 10 7 314 8 72 75 420
258 6 12 10 9 182 4 54 59 40
259 9 7 5 4 474 6 18 23 60
260 13 12 10 8 1683 1 60 65 280
261 5 16 12 9 467 5 18 23 190
262 18 12 10 11 173 2 59 64 100
263 17 16 12 9 407 5 3 8 90
264 9 8 6 5 433 3 17 22 80
265 13 12 10 8 1207 1 64 67 240
266 17 16 12 9 486 5 50 53 140
267 16 16 12 9 486 5 17 22 140
268 9 8 6 5 432 3 73 78 80
269 5 12 10 9 463 4 18 23 230
270 9 8 6 5 433 3 24 50 70
271 9 8 6 5 433 3 64 67 70
272 19 16 12 9 412 5 23 26 100
273 17 16 12 9 407 5 17 22 90
274 13 12 10 8 1207 1 5 10 240
275 2 12 10 8 1645 1 51 54 170
276 18 12 10 5 119 2 61 66 400
277 2 12 10 8 1645 1 52 57 170
278 8 16 12 9 492 5 26 52 180
279 5 12 10 9 463 4 54 59 230
280 7 12 10 9 765 4 65 68 180
281 6 12 10 9 172 4 68 73 30
282 13 8 6 5 437 3 11 16 80
283 2 12 10 8 1302 1 2 5 120
284 14 7 5 4 303 6 4 9 180
285 15 12 10 9 1114 4 50 53 170
286 3 12 10 9 302 4 15 15 70
287 13 8 6 5 437 3 8 11 80
288 1 8 6 1 443 7 58 61 290
289 18 12 10 11 177 2 52 57 150
290 8 16 12 9 374 5 12 17 90
291 10 12 10 8 1360 1 65 68 260
292 9 8 6 5 438 3 72 75 90
293 12 8 6 5 265 3 11 16 90
294 9 8 6 5 437 3 57 60 80
295 9 7 5 4 271 6 23 26 60
296 9 8 6 5 436 3 11 16 90
297 9 8 6 5 436 3 8 11 90
298 5 16 12 9 453 5 26 52 110
299 9 8 6 5 428 3 72 75 80
300 11 12 10 9 505 2 51 54 620
301 10 12 10 8 1175 1 51 54 200
302 9 8 6 5 428 3 22 25 80
303 9 8 6 5 437 3 11 16 80
304 13 8 6 5 437 3 18 23 80
305 9 8 6 5 437 3 19 24 80
306 6 12 10 10 178 2 61 66 270
307 5 12 10 9 463 4 25 51 230
308 9 8 6 5 436 3 51 54 90
309 4 12 10 9 398 4 50 50 110
310 9 8 6 5 438 3 71 74 80
311 1 12 10 7 314 8 65 68 420
312 13 8 6 5 397 3 23 26 80
313 13 8 6 5 397 3 25 51 80
314 9 7 5 4 474 6 11 16 60
315 9 7 5 4 271 6 51 54 60
316 5 16 12 9 457 5 68 73 110
317 19 16 12 9 412 5 60 65 100
318 9 7 5 4 204 6 54 59 40
319 9 7 5 4 144 6 22 25 40
320 13 12 10 8 1153 1 10 15 210
321 9 8 6 5 433 3 61 66 80
322 9 8 6 5 436 3 57 60 90
323 9 7 5 4 144 6 25 51 40
324 14 7 5 4 303 6 23 26 180
325 5 16 12 9 423 5 71 74 110
326 13 12 10 8 1683 1 16 19 280
327 9 8 6 5 436 3 71 74 80
328 13 8 6 5 437 3 4 9 80
329 10 12 10 8 1152 1 10 15 220
330 4 12 10 11 532 2 64 64 170
331 9 8 6 5 433 3 24 50 80
332 9 8 6 5 433 3 72 75 70
333 14 7 5 4 303 6 25 51 180
334 9 7 5 4 271 6 57 60 60
335 13 12 10 8 1683 1 17 22 280
336 9 8 6 5 438 3 68 73 90
337 9 8 6 5 437 3 73 78 80
338 8 16 12 9 374 5 10 15 90
339 18 12 10 2 44 2 73 78 100
340 18 12 10 11 173 2 3 8 100
341 10 12 10 8 1152 1 73 78 220
342 13 12 10 8 1606 1 26 52 280
343 9 7 5 4 204 6 8 11 40
344 13 8 6 5 397 3 54 59 80
345 2 12 10 8 1302 1 18 23 120
346 17 16 12 9 468 5 66 71 140
347 9 7 5 4 144 6 10 15 40
348 13 12 10 8 1606 1 51 54 280
349 5 16 12 9 467 5 11 16 190
350 15 12 10 9 1114 4 57 60 170
351 1 12 8 7 403 9 58 61 740
352 9 7 5 4 474 6 8 11 60
353 9 8 6 5 438 3 19 24 80
354 5 16 12 9 457 5 54 59 110
355 17 16 12 9 468 5 52 57 140
356 12 8 6 5 265 3 8 11 90
357 15 12 10 9 998 4 57 60 160
358 7 12 10 9 765 4 72 75 180
359 17 16 12 9 446 5 24 50 90
360 9 7 5 4 271 6 61 66 60
361 9 8 6 5 436 3 23 26 90
362 2 12 10 8 1302 1 4 9 120
363 15 12 10 9 1114 4 71 74 170
364 13 12 10 8 1683 1 59 64 280
365 5 16 12 9 423 5 52 57 110
366 9 8 6 5 436 3 52 57 80
367 17 16 12 9 486 5 66 71 140
368 9 8 6 5 432 3 19 24 80
369 9 8 6 5 438 3 24 50 90
370 8 16 12 9 492 5 16 19 180
371 8 16 12 9 374 5 60 65 90
372 8 16 12 9 374 5 12 17 90
373 9 8 6 5 438 3 17 22 90
374 1 8 6 4 327 7 23 26 1180
375 5 16 12 9 467 5 23 26 190
376 5 16 12 9 423 5 16 19 110
377 9 8 6 5 433 3 17 22 80
378 9 7 5 4 144 6 15 18 40
379 10 12 10 8 1360 1 19 24 260
380 9 7 5 4 204 6 25 51 40
381 8 16 12 9 374 5 68 73 90
382 13 12 10 8 1683 1 4 9 280
383 9 8 6 5 436 3 16 19 80
384 1 12 8 5 528 9 51 54 1370
385 14 7 5 4 303 6 8 11 180
386 1 12 8 7 403 9 9 12 740
387 4 12 10 9 478 4 64 64 150
388 9 8 6 5 432 3 26 52 80
389 5 16 12 9 523 5 52 57 150
390 14 7 5 4 303 6 11 16 180
391 9 8 6 5 433 3 22 25 80
392 6 12 10 9 172 4 72 75 30
393 17 16 12 9 468 5 64 67 140
394 5 16 12 9 453 5 57 60 110
395 17 16 12 9 407 5 61 66 90
396 2 12 10 8 1302 1 68 73 120
397 9 7 5 4 204 6 18 23 40
398 8 16 12 9 492 5 64 67 180
399 5 16 12 9 467 5 54 59 190
400 17 16 12 9 446 5 51 54 90
401 9 7 5 4 271 6 54 59 60
402 9 8 6 5 438 3 17 22 90
403 5 16 12 9 453 5 73 78 110
404 4 12 10 11 532 2 17 17 170
405 9 7 5 4 474 6 8 11 60
406 10 12 10 8 1228 1 26 52 220
407 9 7 5 4 474 6 23 26 60
408 9 8 6 5 433 3 59 64 80
409 3 12 10 9 302 4 73 78 70
410 10 12 10 8 1175 1 26 52 200
411 12 8 6 5 265 3 1 4 90
412 4 12 10 11 596 2 57 57 290
413 9 7 5 4 285 6 64 67 80
414 9 8 6 5 433 3 51 54 80
415 8 16 12 9 374 5 5 10 90
416 4 12 10 11 536 2 71 71 170
417 18 12 10 5 119 2 17 22 400
418 6 12 10 9 182 4 68 73 40
419 9 8 6 5 436 3 61 66 90
420 9 7 5 4 474 6 25 51 60
421 19 16 12 9 412 5 51 54 100
422 1 12 8 3 138 9 23 26 330
423 2 12 10 8 1645 1 61 66 170
424 19 16 12 9 142 5 18 23 160
425 4 12 10 11 536 2 75 75 170
426 18 12 10 3 63 2 52 57 180
427 9 8 6 5 438 3 26 52 80
428 5 16 12 9 453 5 11 16 110
429 1 8 6 2 156 7 51 54 910
430 9 8 6 5 437 3 54 59 80
431 8 16 12 9 533 5 57 60 160
432 8 16 12 9 374 5 22 25 90
433 5 16 12 9 457 5 18 23 110
434 2 12 10 8 1302 1 22 25 120
435 8 16 12 9 492 5 19 24 180
436 16 16 12 9 486 5 50 53 140
437 1 8 6 11 130 7 23 26 290
438 2 12 10 8 1302 1 5 10 120
439 13 8 6 5 437 3 73 78 80
440 6 12 10 9 172 4 65 68 30
441 13 12 10 8 1233 1 26 52 240
442 13 12 10 8 1683 1 51 54 280
443 9 8 6 5 436 3 19 24 80
444 4 12 10 11 596 2 24 24 290
445 4 12 10 9 301 4 50 50 90
446 5 16 12 9 457 5 23 26 110
447 17 16 12 9 403 5 59 64 100
448 9 7 5 4 204 6 11 16 40
449 9 7 5 4 204 6 8 11 40
450 5 16 12 9 423 5 19 24 110
451 13 8 6 5 397 3 68 73 80
452 2 12 10 8 1302 1 61 66 120
453 10 12 10 8 1360 1 24 50 260
454 9 7 5 4 474 6 54 59 60
455 9 8 6 5 433 3 10 15 80
456 5 16 12 9 457 5 25 51 110
457 11 12 10 9 505 2 61 66 620
458 19 12 10 9 304 4 51 54 70
459 18 12 10 11 173 2 61 66 100
460 9 7 5 4 204 6 73 78 40
461 5 16 12 9 453 5 22 25 110
462 4 12 10 11 536 2 24 24 170
463 4 12 10 11 532 2 26 26 170
464 9 8 6 5 438 3 15 18 80
465 2 12 10 8 1645 1 57 60 170
466 19 16 12 9 142 5 17 22 160
467 9 7 5 4 204 6 26 52 40
468 10 12 10 8 1152 1 12 17 220
469 3 12 10 9 302 4 66 71 70
470 9 8 6 5 437 3 22 25 80
471 18 12 10 3 63 2 5 10 180
472 2 12 10 8 1302 1 25 51 120
473 13 8 6 5 437 3 9 12 80
474 6 12 10 2 22 2 72 75 350
475 10 12 10 8 1228 1 11 16 220
476 9 8 6 5 436 3 59 64 90
477 1 8 6 5 392 7 65 68 280
478 13 12 10 8 1207 1 17 22 240
479 9 8 6 5 432 3 53 58 80
480 16 16 12 9 486 5 15 18 140
481 9 8 6 5 438 3 23 26 80
482 9 8 6 5 438 3 10 15 90
483 19 12 10 9 304 4 18 23 70
484 9 8 6 5 428 3 10 15 80
485 19 12 10 9 304 4 71 74 70
486 5 16 12 9 523 5 53 58 150
487 9 8 6 5 433 3 66 71 70
488 5 12 10 9 463 4 16 19 230
489 2 12 10 8 1645 1 10 15 170
490 5 12 10 9 463 4 52 57 230
491 17 16 12 9 486 5 15 18 140
492 18 12 10 3 69 2 52 57 180
493 10 12 10 8 1152 1 17 22 220
494 13 12 10 8 1683 1 50 53 280
495 5 16 12 9 467 5 25 51 190
496 17 16 12 9 407 5 68 73 90
497 9 7 5 4 204 6 5 10 40
498 9 7 5 4 285 6 73 78 80
499 16 16 12 9 486 5 72 75 140
500 9 8 6 5 437 3 68 73 80
501 9 7 5 4 474 6 57 60 60
502 5 16 12 9 467 5 19 24 190
503 9 8 6 5 433 3 60 65 70
504 5 16 12 9 467 5 72 75 190
505 9 8 6 5 433 3 59 64 70
506 18 12 10 11 177 2 19 24 150
507 10 12 10 8 1228 1 53 58 220
508 8 16 12 9 374 5 19 24 90
509 4 12 10 11 532 2 73 73 170
510 14 7 5 4 303 6 10 15 180
511 10 12 10 8 1360 1 61 66 260
512 13 12 10 8 1207 1 12 17 240
513 5 12 10 9 463 4 9 12 230
514 17 16 12 9 407 5 15 18 90
515 2 12 10 8 1645 1 71 74 170
516 2 12 10 8 1645 1 4 9 170
517 1 12 8 3 138 9 72 75 330
518 2 12 10 8 1645 1 50 53 170
519 13 8 6 5 437 3 52 57 80
520 5 16 12 9 453 5 64 67 110
521 8 16 12 9 374 5 65 68 90
522 17 16 12 9 407 5 8 11 90
523 9 8 6 5 437 3 5 10 80
524 4 12 10 9 334 4 66 66 110
525 13 8 6 5 397 3 64 67 80
526 8 16 12 9 374 5 53 58 90
527 5 16 12 9 467 5 9 12 190
528 8 16 12 9 374 5 66 71 90
529 9 8 6 5 432 3 64 67 80
530 5 16 12 9 467 5 57 60 190
531 13 12 10 8 1683 1 10 15 280
532 14 7 5 4 303 6 16 19 180
533 9 8 6 5 432 3 17 22 80
534 17 16 12 9 446 5 23 26 90
535 9 7 5 4 144 6 60 65 40
536 1 12 8 3 138 9 9 12 330
537 9 7 5 4 271 6 10 15 60
538 10 12 10 8 1228 1 66 71 220
539 17 16 12 9 403 5 65 68 100
540 12 8 6 5 265 3 25 51 90
541 2 12 10 8 1645 1 4 9 170
542 10 12 10 8 1360 1 12 17 260
543 18 12 10 11 173 2 68 73 100
544 9 8 6 5 438 3 65 68 80
545 13 12 10 8 1153 1 59 64 210
546 2 12 10 8 1302 1 8 11 120
547 14 7 5 4 303 6 53 58 180
548 10 12 10 8 1152 1 26 52 220
549 9 8 6 5 433 3 15 18 80
550 13 12 10 8 1153 1 58 61 210
551 7 12 10 9 765 4 54 59 180
552 9 8 6 5 438 3 67 72 90
553 9 7 5 4 204 6 22 25 40
554 10 12 10 8 1228 1 72 75 220
555 13 8 6 5 397 3 53 58 80
556 10 12 10 8 1360 1 26 52 260
557 13 12 10 8 1683 1 54 59 280
558 17 16 12 9 468 5 12 17 140
559 9 7 5 4 474 6 9 12 60
560 1 12 10 7 314 8 16 19 420
561 4 12 10 11 596 2 71 71 290
562 9 7 5 4 271 6 18 23 60
563 17 16 12 9 407 5 51 54 90
564 18 12 10 11 177 2 68 73 150
565 16 16 12 9 486 5 10 15 140
566 4 12 10 11 596 2 78 78 290
567 19 16 12 9 412 5 15 18 100
568 5 16 12 9 453 5 12 17 110
569 4 12 10 11 536 2 50 50 170
570 9 7 5 4 144 6 23 26 40
571 18 12 10 3 69 2 59 64 180
572 9 8 6 5 437 3 51 54 80
573 9 8 6 5 436 3 72 75 80
574 12 8 6 5 265 3 57 60 90
575 5 16 12 9 423 5 72 75 110
576 16 12 10 9 454 4 61 66 250
577 9 8 6 5 433 3 22 25 80
578 17 16 12 9 446 5 60 65 90
579 17 16 12 9 468 5 22 25 140
580 2 12 10 8 1302 1 17 22 120
581 9 8 6 5 433 3 71 74 70
582 9 8 6 5 436 3 73 78 80
583 8 16 12 9 374 5 22 25 90
584 9 8 6 5 437 3 26 52 80
585 9 7 5 4 204 6 51 54 40
586 9 8 6 5 437 3 8 11 80
587 5 12 10 9 463 4 15 18 230
588 9 8 6 5 436 3 67 72 90
589 9 7 5 4 204 6 68 73 40
590 9 7 5 4 285 6 72 75 80
591 1 8 6 3 78 7 16 19 480
592 9 8 6 5 436 3 50 53 90
593 6 12 10 9 172 4 54 59 30
594 13 12 10 8 1683 1 18 23 280
595 3 12 10 9 302 4 18 18 70
596 15 12 10 9 998 4 71 74 160
597 3 12 10 9 302 4 71 74 70
598 9 7 5 4 271 6 17 22 60
599 8 16 12 9 492 5 12 17 180
600 5 16 12 9 453 5 58 61 110
601 17 16 12 9 486 5 26 52 140
602 9 8 6 5 436 3 24 50 90
603 19 16 12 9 142 5 65 68 160
604 13 8 6 5 437 3 10 15 80
605 9 7 5 4 474 6 52 57 60
606 9 7 5 4 271 6 8 11 60
607 4 12 10 11 536 2 61 61 170
608 9 8 6 5 438 3 61 66 90
609 5 16 12 9 467 5 52 57 190
610 9 8 6 5 437 3 26 52 80
611 2 12 10 8 1302 1 71 74 120
612 13 8 6 5 437 3 15 18 80
613 9 8 6 5 438 3 50 53 80
614 9 7 5 4 144 6 50 53 40
615 2 12 10 8 1302 1 26 52 120
616 8 16 12 9 492 5 16 19 180
617 5 16 12 9 523 5 64 67 150
618 14 7 5 4 303 6 52 57 180
619 13 12 10 8 1683 1 73 78 280
620 9 8 6 5 433 3 73 78 80
621 18 12 10 4 84 2 3 8 270
622 2 12 10 8 1302 1 4 9 120
623 9 7 5 4 474 6 19 24 60
624 10 12 10 8 1228 1 65 68 220
625 19 16 12 9 412 5 18 23 100
626 17 16 12 9 486 5 8 11 140
627 9 8 6 5 438 3 54 59 80
628 8 16 12 9 374 5 10 15 90
629 14 7 5 4 303 6 9 12 180
630 2 12 10 8 1302 1 24 50 120
631 4 12 10 11 596 2 68 68 290
632 9 7 5 4 474 6 72 75 60
633 14 7 5 4 303 6 64 67 180
634 16 16 12 9 486 5 52 57 140
635 15 12 10 9 998 4 18 18 160
636 9 8 6 5 428 3 68 73 80
637 4 12 10 11 532 2 15 15 170
638 13 12 10 8 1683 1 68 73 280
639 13 12 10 8 1207 1 10 15 240
640 5 16 12 9 423 5 15 18 110
641 1 8 6 11 130 7 9 12 290
642 5 16 12 9 467 5 24 50 190
643 1 12 10 7 314 8 9 12 420
644 9 7 5 4 285 6 26 52 80
645 2 12 10 8 1645 1 26 52 170
646 11 12 10 9 505 2 26 52 620
647 13 12 10 8 1606 1 72 75 280
648 9 8 6 5 438 3 23 26 90
649 8 16 12 9 533 5 11 16 160
650 9 8 6 5 438 3 25 51 90
651 6 12 10 9 172 4 12 17 30
652 9 8 6 5 437 3 73 78 80
653 9 8 6 5 436 3 60 65 90
654 8 16 12 9 492 5 25 51 180
655 9 8 6 5 433 3 5 10 80
656 10 12 10 8 1228 1 61 66 220
657 9 8 6 5 428 3 19 24 80
658 13 12 10 8 1683 1 12 17 280
659 7 12 10 9 765 4 58 61 180
660 9 8 6 5 438 3 11 16 80
661 17 16 12 9 486 5 67 72 140
662 1 8 6 5 392 7 23 26 280
663 17 16 12 9 446 5 67 72 90
664 13 12 10 8 1606 1 65 68 280
665 13 12 10 8 1683 1 57 60 280
666 13 12 10 8 1153 1 60 65 210
667 9 7 5 4 144 6 67 72 40
668 5 16 12 9 453 5 10 15 110
669 13 12 10 8 1683 1 22 25 280
670 10 12 10 8 1175 1 65 68 200
671 8 16 12 9 492 5 10 10 180
672 9 8 6 5 438 3 8 11 80
673 11 12 10 9 505 2 10 10 620
674 13 12 10 8 1683 1 5 10 280
675 1 8 6 4 327 7 65 68 1180
676 9 7 5 4 285 6 17 22 80
677 18 12 10 11 173 2 26 52 100
678 17 16 12 9 407 5 73 78 90
679 9 7 5 4 474 6 16 19 60
680 11 12 10 9 505 2 65 68 620
681 8 16 12 9 492 5 65 68 180
682 2 12 10 8 1645 1 11 16 170
683 5 16 12 9 467 5 16 19 190
684 10 12 10 8 1152 1 24 50 220
685 1 8 6 2 156 7 23 26 910
686 9 7 5 4 285 6 53 58 80
687 9 7 5 4 474 6 53 58 60
688 8 16 12 9 492 5 12 12 180
689 6 12 10 9 182 4 72 75 40
690 8 16 12 9 374 5 3 8 90
691 1 12 8 7 397 9 72 75 780
692 6 12 10 2 22 2 19 24 350
693 9 8 6 5 433 3 8 11 80
694 17 16 12 9 486 5 73 78 140
695 9 8 6 5 428 3 51 54 80
696 9 8 6 5 436 3 18 23 80
697 9 7 5 4 474 6 17 22 60
698 5 16 12 9 457 5 26 52 110
699 17 16 12 9 486 5 72 75 140
700 18 12 10 5 106 2 61 66 360
701 13 8 6 5 437 3 50 53 80
702 6 12 10 9 172 4 9 12 30
703 9 8 6 5 437 3 51 54 80
704 17 16 12 9 468 5 53 58 140
705 17 16 12 9 486 5 3 8 140
706 19 16 12 9 412 5 66 71 100
707 9 8 6 5 428 3 57 60 80
708 7 12 10 9 765 4 23 26 180
709 13 8 6 5 437 3 67 72 80
710 9 8 6 5 437 3 68 73 80
711 8 16 12 9 492 5 57 60 180
712 5 16 12 9 423 5 24 50 110
713 9 8 6 5 438 3 9 12 90
714 13 8 6 5 397 3 58 61 80
715 9 8 6 5 437 3 71 74 80
716 9 8 6 5 436 3 19 24 90
717 9 8 6 5 436 3 72 75 90
718 9 8 6 5 438 3 58 61 90
719 10 12 10 8 1175 1 11 16 200
720 13 8 6 5 437 3 24 50 80
721 18 12 10 11 173 2 66 71 100
722 6 12 10 9 172 4 23 26 30
723 10 12 10 8 1228 1 23 26 220
724 8 16 12 9 492 5 23 26 180
725 9 8 6 5 436 3 17 22 80
726 5 12 10 9 463 4 50 53 230
727 5 16 12 9 423 5 67 72 110
728 1 12 8 5 528 9 9 12 1370
729 10 12 10 8 1360 1 54 59 260
730 9 7 5 4 285 6 18 23 80
731 2 12 10 8 1302 1 50 53 120
732 7 12 10 9 765 4 9 12 180
733 17 16 12 9 407 5 66 71 90
734 9 8 6 5 437 3 22 25 80
735 1 12 8 5 528 9 58 61 1370
736 1 8 6 2 156 7 9 12 910
737 17 16 12 9 486 5 10 15 140
738 17 16 12 9 486 5 53 58 140
739 16 16 12 9 486 5 26 52 140
740 5 16 12 9 457 5 65 68 110
741 9 8 6 5 433 3 71 74 80
742 13 12 10 8 1153 1 9 12 210
743 17 16 12 9 468 5 60 65 140
744 9 8 6 5 437 3 65 68 80
745 9 8 6 5 436 3 60 65 80
746 13 8 6 5 437 3 53 58 80
747 9 8 6 5 436 3 59 64 80
748 5 16 12 9 423 5 53 58 110
749 9 7 5 4 144 6 64 67 40
750 9 8 6 5 438 3 57 60 90
751 19 16 12 9 412 5 73 78 100
752 2 12 10 8 1645 1 8 11 170
753 18 12 10 11 177 2 17 22 150
754 9 8 6 5 433 3 8 11 70
755 17 16 12 9 446 5 19 24 90
756 9 8 6 5 436 3 53 58 80
757 17 16 12 9 486 5 60 65 140
758 1 8 6 2 156 7 58 61 910
759 17 16 12 9 486 5 59 64 140
760 5 12 10 9 463 4 64 67 230
761 13 12 10 8 1683 1 52 57 280
762 10 12 10 8 1152 1 54 59 220
763 10 12 10 8 1360 1 16 19 260
764 9 8 6 5 436 3 12 17 90
765 9 7 5 4 204 6 71 74 40
766 10 12 10 8 1175 1 19 24 200
767 9 7 5 4 204 6 10 15 40
768 5 16 12 9 523 5 72 75 150
769 4 12 10 11 536 2 22 22 170
770 9 8 6 5 436 3 67 72 80
771 5 12 10 9 463 4 24 50 230
772 16 16 12 9 486 5 54 59 140
773 13 12 10 8 1233 1 11 16 240
774 7 12 10 9 765 4 16 19 180
775 18 12 10 2 44 2 73 78 90
776 5 16 12 9 453 5 60 65 110
777 13 8 6 5 397 3 16 19 80
778 9 8 6 5 438 3 61 66 80
779 8 16 12 9 492 5 10 10 180
780 1 12 8 5 528 9 16 19 1370
781 2 12 10 8 1302 1 54 59 120
782 9 7 5 4 204 6 50 53 40
783 9 7 5 4 144 6 19 24 40
784 5 16 12 9 467 5 67 72 190
785 16 16 12 9 486 5 19 24 140
786 9 7 5 4 474 6 50 53 60
787 19 16 12 9 412 5 26 52 100
788 9 8 6 5 438 3 24 50 80
789 13 12 10 8 1683 1 8 11 280
790 8 16 12 9 492 5 17 22 180
791 5 16 12 9 467 5 50 53 190
792 19 12 10 9 304 4 73 78 70
793 18 12 10 5 119 2 61 66 360
794 4 12 10 11 536 2 19 19 170
795 2 12 10 8 1645 1 67 72 170
796 2 12 10 8 1645 1 16 19 170
797 9 7 5 4 144 6 12 17 40
798 1 8 6 11 130 7 72 75 290
799 9 7 5 4 204 6 24 50 40
800 5 16 12 9 453 5 53 58 110
801 9 7 5 4 474 6 67 72 60
802 4 12 10 11 536 2 8 8 170
803 4 12 10 11 596 2 73 73 290
804 14 7 5 4 303 6 12 17 180
805 5 16 12 9 457 5 66 71 110
806 8 16 12 9 374 5 71 74 90
807 17 16 12 9 468 5 18 23 140
808 2 12 10 8 1645 1 54 59 170
809 9 8 6 5 437 3 50 53 80
810 17 16 12 9 486 5 24 50 140
811 9 8 6 5 436 3 4 9 90
812 13 12 10 8 1153 1 23 26 210
813 14 7 5 4 303 6 22 25 180
814 8 16 12 9 374 5 26 52 90
815 6 12 10 9 182 4 19 24 40
816 9 8 6 5 428 3 15 18 80
817 5 12 10 9 463 4 22 25 230
818 8 16 12 9 533 5 12 17 160
819 13 8 6 5 397 3 12 17 80
820 6 12 10 9 172 4 58 61 30
821 17 16 12 9 468 5 24 50 140
822 17 16 12 9 486 5 18 23 140
823 9 7 5 4 271 6 5 10 60
824 13 12 10 8 1606 1 19 24 280
825 8 16 12 9 492 5 51 54 180
826 17 16 12 9 407 5 5 10 90
827 5 12 10 9 463 4 60 65 230
828 6 12 10 9 182 4 58 61 40
829 13 12 10 8 1233 1 19 24 240
830 4 12 10 11 596 2 15 15 290
831 8 16 12 9 492 5 54 59 180
832 9 8 6 5 432 3 22 25 80
833 5 16 12 9 467 5 64 67 190
834 9 8 6 5 433 3 66 71 80
835 6 12 10 9 182 4 9 12 40
836 13 8 6 5 437 3 72 75 80
837 2 12 10 8 1645 1 12 17 170
838 13 8 6 5 397 3 19 24 80
839 17 16 12 9 446 5 9 12 90
840 9 8 6 5 428 3 54 59 80
841 9 8 6 5 436 3 9 12 90
842 2 12 10 8 1645 1 17 22 170
843 13 8 6 5 437 3 22 25 80
844 9 7 5 4 144 6 58 61 40
845 9 8 6 5 436 3 58 61 90
846 13 12 10 8 1606 1 23 26 280
847 13 12 10 8 1233 1 53 58 240
848 9 8 6 5 428 3 61 66 80
849 13 12 10 8 1153 1 25 51 210
850 13 12 10 8 1153 1 66 71 210
851 9 7 5 4 271 6 50 53 60
852 13 12 10 8 1233 1 3 8 240
853 9 8 6 5 438 3 68 73 80
854 8 16 12 9 533 5 64 67 160
855 9 8 6 5 433 3 26 52 80
856 9 8 6 5 438 3 52 57 90
857 9 8 6 5 437 3 24 50 80
858 17 16 12 9 403 5 71 74 100
859 19 12 10 9 304 4 26 52 70
860 5 12 10 9 463 4 53 58 230
861 9 7 5 4 271 6 66 71 60
862 13 12 10 8 1683 1 71 74 280
863 14 7 5 4 303 6 50 53 180
864 5 16 12 9 453 5 50 53 110
865 9 8 6 5 428 3 25 51 80
866 13 8 6 5 437 3 60 65 80
867 1 12 10 7 314 8 23 26 420
868 1 12 8 7 403 9 65 68 740
869 8 16 12 9 492 5 68 73 180
870 17 16 12 9 468 5 59 64 140
871 9 8 6 5 437 3 66 71 80
872 9 7 5 4 144 6 9 12 40
873 19 16 12 9 412 5 71 74 100
874 5 16 12 9 423 5 59 64 110
875 13 12 10 8 1153 1 3 8 210
876 9 8 6 5 437 3 50 53 80
877 13 12 10 8 1683 1 24 50 280
878 19 12 10 9 304 4 66 71 70
879 4 12 10 11 532 2 78 78 170
880 18 12 10 4 94 2 24 50 300
881 6 12 10 9 172 4 19 24 30
882 10 12 10 8 1360 1 17 22 260
883 8 16 12 9 374 5 8 11 90
884 13 8 6 5 397 3 52 57 80
885 4 12 10 11 536 2 66 66 170
886 9 8 6 5 428 3 8 11 80
887 1 12 8 7 403 9 51 54 740
888 6 12 10 10 178 2 24 24 270
889 8 16 12 9 492 5 51 54 180
890 1 8 6 2 156 7 16 19 910
891 13 12 10 8 1233 1 15 18 240
892 1 8 6 5 392 7 51 54 280
893 9 8 6 5 436 3 22 25 80
894 16 16 12 9 486 5 18 23 140
895 10 12 10 8 1228 1 19 24 220
896 18 12 10 11 173 2 5 10 100
897 5 16 12 9 423 5 10 15 110
898 9 8 6 5 428 3 23 26 80
899 10 12 10 8 1175 1 66 71 200
900 9 8 6 5 433 3 15 18 70
901 8 16 12 9 533 5 12 17 160
902 9 8 6 5 436 3 64 67 90
903 17 16 12 9 407 5 2 5 90
904 3 12 10 9 568 4 59 64 360
905 9 8 6 5 428 3 11 16 80
906 9 8 6 5 438 3 19 24 90
907 5 12 10 9 463 4 67 72 230
908 2 12 10 8 1302 1 12 17 120
909 8 16 12 9 492 5 61 66 180
910 8 16 12 9 374 5 26 52 90
911 17 16 12 9 403 5 66 71 100
912 10 12 10 8 1175 1 23 26 200
913 2 12 10 8 1302 1 57 60 120
914 9 8 6 5 432 3 59 64 80
915 8 16 12 9 492 5 17 22 180
916 5 12 10 9 463 4 72 75 230
917 13 12 10 8 1606 1 66 71 280
918 9 7 5 4 474 6 12 17 60
919 9 8 6 5 438 3 10 15 80
920 13 12 10 8 1606 1 53 58 280
921 9 8 6 5 438 3 16 19 90
922 14 7 5 4 303 6 67 72 180
923 13 12 10 8 1606 1 58 61 280
924 13 12 10 8 1207 1 8 11 240
925 9 7 5 4 474 6 64 67 60
926 14 7 5 4 303 6 72 75 180
927 17 16 12 9 407 5 71 74 90
928 6 12 10 9 172 4 16 19 30
929 9 8 6 5 438 3 51 54 80
930 10 12 10 8 1360 1 67 72 260
931 9 7 5 4 271 6 71 74 60
932 5 16 12 9 423 5 22 25 110
933 18 12 10 11 177 2 61 66 150
934 5 16 12 9 453 5 67 72 110
935 9 8 6 5 433 3 18 23 70
936 16 16 12 9 486 5 8 11 140
937 10 12 10 8 1175 1 53 58 200
938 17 16 12 9 446 5 58 61 90
939 18 12 10 3 69 2 26 52 200
940 18 12 10 11 177 2 54 59 150
941 4 12 10 11 596 2 26 26 290
942 10 12 10 8 1175 1 58 61 200
943 2 12 10 8 1302 1 2 5 120
944 13 12 10 8 1153 1 64 67 210
945 9 8 6 5 437 3 60 65 80
946 9 8 6 5 432 3 18 23 80
947 9 8 6 5 436 3 12 17 80
948 9 8 6 5 432 3 10 15 80
949 19 12 10 9 304 4 53 58 70
950 17 16 12 9 403 5 72 75 100
951 13 12 10 8 1153 1 67 72 210
952 1 8 6 3 59 7 9 12 1100
953 19 16 12 9 142 5 26 52 160
954 5 16 12 9 457 5 67 72 110
955 13 8 6 5 397 3 24 50 80
956 14 7 5 4 303 6 59 64 180
957 10 12 10 8 1175 1 17 22 200
958 1 12 8 8 374 9 58 61 480
959 18 12 10 3 69 2 54 59 180
960 17 16 12 9 407 5 1 4 90
961 8 16 12 9 374 5 67 72 90
962 3 12 10 9 500 4 17 22 160
963 17 16 12 9 468 5 57 60 140
964 17 16 12 9 446 5 52 57 90
965 13 8 6 5 397 3 71 74 80
966 9 8 6 5 436 3 10 15 90
967 8 16 12 9 492 5 12 12 180
968 8 16 12 9 492 5 26 52 180
969 9 7 5 4 285 6 23 26 80
970 9 7 5 4 271 6 17 22 60
971 9 7 5 4 474 6 15 18 60
972 9 7 5 4 204 6 17 22 40
973 16 16 12 9 486 5 3 8 140
974 1 12 8 8 374 9 65 68 480
975 5 16 12 9 423 5 12 17 110
976 8 16 12 9 374 5 9 12 90
977 8 16 12 9 492 5 12 17 180
978 3 12 10 9 302 4 52 57 70
979 5 16 12 9 453 5 72 75 110
980 9 8 6 5 436 3 65 68 80
981 9 8 6 5 433 3 12 17 80
982 19 16 12 9 412 5 22 25 100
983 13 12 10 8 1606 1 60 65 280
984 9 8 6 5 436 3 17 22 90
985 9 8 6 5 436 3 58 61 80
986 1 8 6 3 84 7 51 54 1420
987 2 12 10 8 1302 1 52 57 120
988 10 12 10 8 1228 1 58 61 220
989 16 16 12 9 486 5 22 25 140
990 9 8 6 5 433 3 8 11 80
991 17 16 12 9 407 5 54 59 90
992 18 12 10 11 173 2 54 59 100
993 5 16 12 9 423 5 58 61 110
994 9 7 5 4 271 6 53 58 60
995 9 8 6 5 436 3 16 19 90
996 9 8 6 5 433 3 23 26 80
997 13 12 10 8 1233 1 61 66 240
998 13 8 6 5 437 3 17 22 80
999 16 16 12 9 486 5 24 50 140
1000 9 8 6 5 437 3 18 23 80
1001 13 12 10 8 1606 1 59 64 280
1002 9 8 6 5 432 3 60 65 80
1003 9 8 6 5 437 3 10 15 80
1004 5 16 12 9 523 5 59 64 150
1005 10 12 10 8 1175 1 61 66 200
1006 9 8 6 5 438 3 22 25 80
1007 9 8 6 5 436 3 52 57 90
1008 17 16 12 9 407 5 12 17 90
1009 17 16 12 9 468 5 15 18 140
1010 10 12 10 8 1175 1 60 65 200
1011 13 8 6 5 397 3 61 66 80
1012 17 16 12 9 468 5 51 54 140
1013 1 8 6 5 392 7 72 75 280
1014 9 7 5 4 204 6 15 18 40
1015 9 8 6 5 438 3 11 16 90
1016 9 7 5 4 144 6 5 10 40
1017 17 16 12 9 407 5 11 16 90
1018 9 7 5 4 271 6 10 15 60
1019 1 8 6 3 84 7 65 68 1420
1020 8 16 12 9 533 5 60 65 160
1021 5 16 12 9 453 5 25 51 110
1022 5 16 12 9 457 5 71 74 110
1023 9 8 6 5 433 3 54 59 80
1024 4 12 10 11 536 2 10 10 170
1025 9 7 5 4 285 6 66 71 80
1026 19 16 12 9 412 5 64 67 100
1027 17 16 12 9 468 5 26 52 140
1028 5 16 12 9 523 5 71 74 150
1029 19 12 10 9 304 4 64 67 70
1030 9 7 5 4 285 6 58 61 80
1031 1 12 8 8 374 9 23 26 480
1032 13 12 10 8 1153 1 65 68 210
1033 14 7 5 4 303 6 17 22 180
1034 8 16 12 9 374 5 73 78 90
1035 17 16 12 9 446 5 53 58 90
1036 9 8 6 5 433 3 73 78 70
1037 17 16 12 9 468 5 19 24 140
1038 5 16 12 9 523 5 67 72 150
1039 9 7 5 4 144 6 26 52 40
1040 10 12 10 8 1152 1 65 68 220
1041 4 12 10 11 596 2 75 75 290
1042 1 8 6 4 327 7 51 54 1180
1043 17 16 12 9 486 5 22 25 140
1044 13 12 10 8 1233 1 4 9 240
1045 10 12 10 8 1152 1 23 26 220
1046 8 16 12 9 533 5 72 75 160
1047 16 16 12 9 486 5 64 67 140
1048 2 12 10 8 1302 1 16 19 120
1049 8 16 12 9 374 5 24 50 90
1050 13 12 10 8 1233 1 18 23 240
1051 14 7 5 4 303 6 24 50 180
1052 8 16 12 9 492 5 50 53 180
1053 9 8 6 5 433 3 65 68 80
1054 4 12 10 11 536 2 52 52 170
1055 1 8 6 3 59 7 51 54 1100
1056 8 16 12 9 374 5 19 24 90
1057 9 8 6 5 433 3 50 53 80
1058 5 16 12 9 523 5 61 66 150
1059 13 12 10 8 1606 1 61 66 280
1060 5 16 12 9 457 5 19 24 110
1061 15 12 10 9 1114 4 11 11 170
1062 9 8 6 5 436 3 11 16 80
1063 13 8 6 5 437 3 59 64 80
1064 9 8 6 5 433 3 9 12 70
1065 5 16 12 9 457 5 59 64 110
1066 9 8 6 5 438 3 50 53 90
1067 18 12 10 3 69 2 12 17 180
1068 9 8 6 5 438 3 72 75 80
1069 10 12 10 8 1360 1 58 61 260
1070 1 12 8 5 528 9 72 75 1370
1071 13 12 10 8 1153 1 19 24 210
1072 8 16 12 9 492 5 72 75 180
1073 13 12 10 8 1207 1 16 19 240
1074 16 16 12 9 486 5 17 22 140
1075 9 7 5 4 271 6 24 50 60
1076 16 16 12 9 486 5 61 66 140
1077 9 8 6 5 436 3 50 53 80
1078 9 8 6 5 438 3 25 51 80
1079 8 16 12 9 374 5 15 18 90
1080 2 12 10 8 1302 1 51 54 120
1081 8 16 12 9 533 5 18 23 160
1082 9 8 6 5 432 3 72 75 80
1083 5 16 12 9 457 5 51 54 110
1084 8 16 12 9 374 5 51 54 90
1085 16 16 12 9 486 5 2 5 140
1086 5 12 10 9 463 4 59 64 230
1087 9 8 6 5 432 3 25 51 80
1088 5 16 12 9 423 5 11 16 110
1089 9 7 5 4 474 6 22 25 60
1090 9 8 6 5 428 3 26 52 80
1091 13 12 10 8 1233 1 5 10 240
1092 9 7 5 4 271 6 16 19 60
1093 7 12 10 9 765 4 51 54 180
1094 14 7 5 4 303 6 61 66 180
1095 9 8 6 5 436 3 53 58 90
1096 13 12 10 8 1233 1 17 22 240
1097 4 12 10 11 532 2 75 75 170
1098 4 12 10 11 536 2 5 5 170
1099 9 8 6 5 436 3 54 59 80
1100 8 16 12 9 374 5 15 18 90
1101 5 16 12 9 423 5 54 59 110
1102 2 12 10 8 1645 1 23 26 170
1103 5 16 12 9 467 5 17 22 190
1104 11 12 10 9 505 2 72 75 620
1105 5 16 12 9 457 5 17 22 110
1106 9 8 6 5 436 3 24 50 90
1107 5 12 10 9 463 4 71 74 230
1108 13 12 10 8 1207 1 54 59 240
1109 9 8 6 5 437 3 66 71 80
1110 9 8 6 5 433 3 26 52 70
1111 5 16 12 9 467 5 22 25 190
1112 8 16 12 9 533 5 52 57 160
1113 14 7 5 4 303 6 71 74 180
1114 9 8 6 5 437 3 58 61 80
1115 8 16 12 9 492 5 11 16 180
1116 5 16 12 9 423 5 23 26 110
1117 13 12 10 8 1606 1 17 22 280
1118 1 12 8 4 120 9 72 75 260
1119 13 8 6 5 437 3 64 67 80
1120 9 7 5 4 285 6 65 68 80
1121 2 12 10 8 1302 1 11 16 120
1122 12 8 6 5 265 3 64 67 90
1123 9 8 6 5 438 3 8 11 80
1124 19 16 12 9 142 5 19 24 160
1125 17 16 12 9 468 5 67 72 140
1126 9 7 5 4 144 6 73 78 40
1127 3 12 10 9 500 4 59 64 160
1128 17 16 12 9 407 5 65 68 90
1129 10 12 10 8 1152 1 67 72 220
1130 16 16 12 9 486 5 59 64 140
1131 9 8 6 5 436 3 22 25 90
1132 9 8 6 5 433 3 51 54 70
1133 13 12 10 8 1207 1 73 78 240
1134 9 8 6 5 438 3 8 11 90
1135 13 12 10 8 1153 1 4 9 210
1136 9 8 6 5 438 3 12 17 90
1137 13 8 6 5 437 3 71 74 80
1138 8 16 12 9 374 5 57 60 90
1139 5 16 12 9 467 5 53 58 190
1140 16 12 10 9 454 4 57 60 250
1141 8 16 12 9 492 5 23 26 180
1142 9 8 6 5 438 3 54 59 90
1143 9 8 6 5 436 3 23 26 80
1144 9 7 5 4 474 6 24 50 60
1145 9 8 6 5 437 3 24 50 80
1146 17 16 12 9 468 5 73 78 140
1147 9 8 6 5 433 3 19 24 70
1148 13 12 10 8 1683 1 25 51 280
1149 5 16 12 9 453 5 68 73 110
1150 2 12 10 8 1302 1 51 54 120
1151 19 16 12 9 142 5 51 54 160
1152 13 8 6 5 397 3 67 72 80
1153 5 16 12 9 457 5 24 50 110
1154 6 12 10 9 172 4 61 66 30
1155 4 12 10 9 468 4 54 54 140
1156 8 16 12 9 374 5 5 10 90
1157 9 7 5 4 204 6 59 64 40
1158 9 8 6 5 433 3 11 16 80
1159 8 16 12 9 374 5 5 10 90
1160 9 8 6 5 432 3 58 61 80
1161 1 12 8 5 528 9 23 26 1370
1162 12 8 6 5 265 3 71 74 90
1163 8 16 12 9 533 5 25 51 160
1164 13 12 10 8 1153 1 61 66 210
1165 4 12 10 11 532 2 50 50 170
1166 13 8 6 5 397 3 57 60 80
1167 17 16 12 9 446 5 22 25 90
1168 17 16 12 9 446 5 8 11 90
1169 9 8 6 5 436 3 25 51 90
1170 9 8 6 5 428 3 9 12 80
1171 14 7 5 4 303 6 15 18 180
1172 9 8 6 5 428 3 65 68 80
1173 9 7 5 4 144 6 61 66 40
1174 9 7 5 4 474 6 24 50 60
1175 9 7 5 4 271 6 22 25 60
1176 6 12 10 10 178 2 72 75 270
1177 9 8 6 5 438 3 65 68 90
1178 5 16 12 9 457 5 57 60 110
1179 13 12 10 8 1233 1 64 67 240
1180 18 12 10 3 69 2 3 8 200
1181 1 12 10 7 314 8 51 54 420
1182 8 16 12 9 492 5 58 61 180
1183 1 12 8 4 120 9 65 68 260
1184 9 7 5 4 144 6 54 59 40
1185 10 12 10 8 1228 1 17 22 220
1186 9 8 6 5 428 3 58 61 80
1187 9 8 6 5 437 3 53 58 80
1188 9 8 6 5 436 3 68 73 90
1189 5 12 10 9 463 4 61 66 230
1190 2 12 10 8 1645 1 68 73 170
1191 5 16 12 9 523 5 57 60 150
1192 6 12 10 9 182 4 61 66 40
1193 9 7 5 4 271 6 68 73 60
1194 5 16 12 9 453 5 52 57 110
1195 9 7 5 4 144 6 11 16 40
1196 17 16 12 9 407 5 60 65 90
1197 2 12 10 8 1645 1 24 50 170
1198 6 12 10 9 172 4 5 10 30
1199 11 12 10 9 505 2 23 26 620
1200 9 8 6 5 433 3 18 23 80
1201 8 16 12 9 492 5 12 17 180
1202 1 8 6 3 129 7 72 75 190
1203 19 16 12 9 412 5 17 22 100
1204 2 12 10 8 1645 1 65 68 170
1205 9 8 6 5 432 3 12 17 80
1206 9 8 6 5 433 3 10 15 80
1207 19 12 10 9 304 4 68 73 70
1208 9 8 6 5 428 3 12 17 80
1209 13 12 10 8 1207 1 51 54 240
1210 9 8 6 5 437 3 10 15 80
1211 1 12 8 5 528 9 65 68 1370
1212 13 8 6 5 437 3 3 8 80
1213 9 8 6 5 438 3 51 54 90
1214 4 12 10 11 536 2 57 57 170
1215 10 12 10 8 1175 1 67 72 200
1216 9 7 5 4 144 6 51 54 40
1217 9 8 6 5 437 3 59 64 80
1218 10 12 10 8 1175 1 5 10 200
1219 9 7 5 4 144 6 15 18 40
1220 2 12 10 8 1302 1 10 15 120
1221 9 7 5 4 474 6 10 15 60
1222 8 16 12 9 374 5 17 22 90
1223 9 7 5 4 144 6 8 11 40
1224 8 16 12 9 374 5 61 66 90
1225 16 16 12 9 486 5 71 74 140
1226 19 16 12 9 142 5 54 59 160
1227 17 16 12 9 446 5 25 51 90
1228 10 12 10 8 1228 1 60 65 220
1229 9 8 6 5 436 3 8 11 90
1230 9 8 6 5 437 3 54 59 80
1231 3 12 10 9 302 4 11 11 70
1232 16 16 12 9 486 5 53 58 140
1233 6 12 10 9 182 4 51 54 40
1234 9 7 5 4 271 6 22 25 60
1235 9 7 5 4 271 6 25 51 60
1236 9 8 6 5 438 3 64 67 80
1237 6 12 10 9 172 4 51 54 30
1238 14 7 5 4 303 6 57 60 180
1239 13 8 6 5 397 3 17 22 80
1240 1 12 8 4 120 9 23 26 260
1241 19 12 10 9 304 4 72 75 70
1242 15 12 10 9 1114 4 25 25 170
1243 11 12 10 9 505 2 68 73 620
1244 5 16 12 9 457 5 73 78 110
1245 13 12 10 8 1683 1 9 12 280
1246 5 16 12 9 523 5 73 78 150
1247 10 12 10 8 1228 1 18 23 220
1248 5 12 10 9 463 4 19 24 230
1249 5 16 12 9 467 5 10 15 190
1250 15 12 10 9 998 4 11 11 160
1251 17 16 12 9 407 5 18 23 90
1252 18 12 10 11 177 2 66 71 150
1253 13 8 6 5 397 3 15 18 80
1254 14 7 5 4 303 6 19 24 180
1255 10 12 10 8 1360 1 73 78 260
1256 13 12 10 8 1233 1 67 72 240
1257 2 12 10 8 1645 1 25 51 170
1258 9 7 5 4 474 6 59 64 60
1259 9 8 6 5 433 3 60 65 80
1260 17 16 12 9 403 5 60 65 100
1261 9 8 6 5 437 3 23 26 80
1262 18 12 10 5 106 2 10 15 270
1263 16 12 10 9 454 4 71 74 250
1264 9 8 6 5 437 3 25 51 80
1265 1 8 6 2 156 7 72 75 910
1266 8 16 12 9 492 5 52 57 180
1267 4 12 10 11 536 2 54 54 170
1268 18 12 10 11 173 2 73 78 100
1269 9 7 5 4 204 6 61 66 40
1270 5 16 12 9 453 5 16 19 110
1271 19 16 12 9 412 5 53 58 100
1272 5 16 12 9 467 5 59 64 190
1273 16 12 10 9 454 4 66 71 250
1274 18 12 10 4 94 2 10 15 300
1275 9 8 6 5 432 3 4 9 80
1276 17 16 12 9 486 5 52 57 140
1277 4 12 10 11 536 2 64 64 170
1278 17 16 12 9 486 5 2 5 140
1279 3 12 10 9 461 4 66 71 170
1280 5 16 12 9 423 5 66 71 110
1281 5 16 12 9 453 5 18 23 110
1282 9 8 6 5 437 3 61 66 80
1283 8 16 12 9 374 5 59 64 90
1284 13 12 10 8 1153 1 5 10 210
1285 13 8 6 5 397 3 22 25 80
1286 13 8 6 5 437 3 19 24 80
1287 14 7 5 4 303 6 73 78 180
1288 13 12 10 8 1606 1 64 67 280
1289 13 12 10 8 1153 1 22 25 210
1290 13 12 10 8 1153 1 68 73 210
1291 4 12 10 11 536 2 17 17 170
1292 13 8 6 5 397 3 59 64 80
1293 1 12 8 8 374 9 72 75 480
1294 10 12 10 8 1152 1 68 73 220
1295 1 8 6 3 78 7 58 61 480
1296 19 16 12 9 412 5 24 50 100
1297 9 8 6 5 436 3 26 52 80
1298 9 8 6 5 433 3 67 72 70
1299 19 12 10 9 304 4 17 22 70
1300 17 16 12 9 407 5 23 26 90
1301 9 8 6 5 438 3 66 71 80
1302 16 16 12 9 486 5 5 10 140
1303 9 8 6 5 432 3 16 19 80
1304 5 16 12 9 453 5 23 26 110
1305 16 16 12 9 486 5 67 72 140
1306 9 7 5 4 271 6 3 8 60
1307 9 8 6 5 436 3 66 71 80
1308 13 12 10 8 1606 1 18 23 280
1309 19 12 10 9 304 4 22 25 70
1310 13 12 10 8 1683 1 26 52 280
1311 10 12 10 8 1175 1 18 23 200
1312 13 12 10 8 1683 1 67 72 280
1313 8 16 12 9 492 5 66 71 180
1314 17 16 12 9 486 5 64 67 140
1315 18 12 10 11 177 2 5 10 150
1316 8 16 12 9 492 5 19 24 180
1317 9 8 6 5 432 3 66 71 80
1318 9 8 6 5 428 3 50 53 80
1319 2 12 10 8 1302 1 73 78 120
1320 9 8 6 5 437 3 11 16 80
1321 13 12 10 8 1207 1 59 64 240
1322 19 16 12 9 142 5 15 18 160
1323 13 8 6 5 437 3 16 19 80
1324 10 12 10 8 1175 1 59 64 200
1325 9 8 6 5 438 3 16 19 80
1326 1 8 6 5 392 7 16 19 280
1327 13 8 6 5 397 3 51 54 80
1328 19 12 10 9 304 4 59 64 70
1329 9 7 5 4 285 6 12 17 80
1330 9 7 5 4 271 6 15 18 60
1331 9 7 5 4 204 6 57 60 40
1332 9 8 6 5 438 3 52 57 80
1333 18 12 10 5 106 2 24 50 360
1334 18 12 10 11 177 2 12 17 150
1335 9 7 5 4 474 6 15 18 60
1336 5 16 12 9 457 5 61 66 110
1337 19 16 12 9 412 5 68 73 100
1338 2 12 10 8 1302 1 9 12 120
1339 10 12 10 8 1152 1 18 23 220
1340 19 16 12 9 142 5 23 26 160
1341 13 12 10 8 1233 1 59 64 240
1342 9 8 6 5 437 3 15 18 80
1343 9 7 5 4 144 6 59 64 40
1344 10 12 10 8 1152 1 61 66 220
1345 9 8 6 5 433 3 68 73 80
1346 9 8 6 5 438 3 60 65 90
1347 10 12 10 8 1228 1 51 54 220
1348 8 16 12 9 492 5 26 52 180
1349 2 12 10 8 1302 1 16 19 120
1350 13 12 10 8 1683 1 64 67 280
1351 9 8 6 5 433 3 12 17 70
1352 2 12 10 8 1645 1 5 10 170
1353 5 16 12 9 453 5 8 11 110
1354 8 16 12 9 374 5 24 50 90
1355 9 8 6 5 432 3 52 57 80
1356 1 12 8 7 403 9 16 19 740
1357 9 8 6 5 433 3 50 53 70
1358 5 16 12 9 457 5 15 18 110
1359 9 8 6 5 437 3 15 18 80
1360 9 8 6 5 428 3 5 10 80
1361 8 16 12 9 374 5 51 54 90
1362 13 12 10 8 1153 1 18 23 210
1363 17 16 12 9 403 5 68 73 100
1364 9 7 5 4 285 6 50 53 80
1365 9 8 6 5 433 3 5 10 70
1366 17 16 12 9 468 5 71 74 140
1367 5 16 12 9 467 5 61 66 190
1368 8 16 12 9 374 5 17 22 90
1369 11 12 10 9 505 2 54 59 620
1370 19 16 12 9 412 5 59 64 100
1371 9 7 5 4 474 6 61 66 60
1372 18 12 10 3 69 2 59 64 200
1373 2 12 10 8 1645 1 22 25 170
1374 5 16 12 9 523 5 26 52 150
1375 10 12 10 8 1360 1 52 57 260
1376 17 16 12 9 486 5 71 74 140
1377 1 8 6 1 443 7 16 19 290
1378 18 12 10 4 84 2 54 59 270
1379 9 8 6 5 438 3 4 9 80
1380 10 12 10 8 1228 1 59 64 220
1381 9 8 6 5 436 3 15 18 90
1382 9 7 5 4 144 6 66 71 40
1383 9 8 6 5 428 3 71 74 80
1384 13 12 10 8 1606 1 22 25 280
1385 9 8 6 5 438 3 71 74 90
1386 9 8 6 5 438 3 18 23 90
1387 5 12 10 9 463 4 73 78 230
1388 5 16 12 9 453 5 54 59 110
1389 10 12 10 8 1360 1 18 23 260
1390 8 16 12 9 374 5 23 26 90
1391 9 8 6 5 436 3 22 25 80
1392 5 12 10 9 463 4 26 52 230
1393 13 12 10 8 1683 1 72 75 280
1394 1 12 8 8 374 9 9 12 480
1395 3 12 10 9 568 4 17 22 360
1396 17 16 12 9 407 5 72 75 90
1397 18 12 10 3 69 2 26 52 180
1398 17 16 12 9 407 5 19 24 90
1399 16 16 12 9 486 5 51 54 140
1400 9 7 5 4 271 6 60 65 60
1401 9 7 5 4 285 6 9 12 80
1402 1 8 6 5 392 7 58 61 280
1403 5 16 12 9 467 5 15 18 190
1404 17 16 12 9 403 5 22 25 100
1405 9 8 6 5 438 3 58 61 80
1406 9 8 6 5 437 3 17 22 80
1407 13 12 10 8 1683 1 53 58 280
1408 8 16 12 9 492 5 9 9 180
1409 5 16 12 9 467 5 68 73 190
1410 9 8 6 5 433 3 57 60 80
1411 13 12 10 8 1207 1 3 8 240
1412 9 8 6 5 436 3 51 54 80
1413 9 8 6 5 428 3 18 23 80
1414 17 16 12 9 486 5 51 54 140
1415 5 16 12 9 467 5 51 54 190
1416 13 12 10 8 1683 1 15 18 280
1417 17 16 12 9 486 5 68 73 140
1418 9 8 6 5 436 3 66 71 90
1419 1 12 8 3 138 9 51 54 330
1420 9 8 6 5 436 3 68 73 80
1421 2 12 10 8 1645 1 2 5 170
1422 13 12 10 8 1606 1 73 78 280
1423 19 12 10 9 304 4 24 50 70
1424 9 7 5 4 271 6 59 64 60
1425 8 16 12 9 374 5 58 61 90
1426 13 12 10 8 1606 1 52 57 280
1427 8 16 12 9 533 5 54 59 160
1428 19 16 12 9 412 5 19 24 100
1429 17 16 12 9 486 5 9 12 140
1430 19 16 12 9 412 5 72 75 100
1431 2 12 10 8 1302 1 60 65 120
1432 18 12 10 4 94 2 24 50 270
1433 1 12 8 7 397 9 9 12 780
1434 4 12 10 11 596 2 61 61 290
1435 9 8 6 5 437 3 10 15 80
1436 17 16 12 9 468 5 58 61 140
1437 5 16 12 9 457 5 64 67 110
1438 3 12 10 9 500 4 52 57 160
1439 12 8 6 5 265 3 15 18 90
1440 9 7 5 4 285 6 5 10 80
1441 9 7 5 4 285 6 57 60 80
1442 17 16 12 9 446 5 17 22 90
1443 16 16 12 9 486 5 25 51 140
1444 17 16 12 9 468 5 65 68 140
1445 10 12 10 8 1152 1 9 12 220
1446 9 8 6 5 428 3 67 72 80
1447 8 16 12 9 374 5 11 16 90
1448 19 12 10 9 304 4 67 72 70
1449 2 12 10 8 1645 1 18 23 170
1450 9 8 6 5 437 3 25 51 80
1451 4 12 10 11 532 2 68 68 170
1452 5 12 10 9 463 4 57 60 230
1453 9 7 5 4 474 6 68 73 60
1454 6 12 10 9 182 4 26 52 40
1455 8 16 12 9 533 5 65 68 160
1456 2 12 10 8 1645 1 53 58 170
1457 18 12 10 6 128 2 17 22 450
1458 9 8 6 5 437 3 19 24 80
1459 9 8 6 5 436 3 17 22 90
1460 9 7 5 4 285 6 52 57 80
1461 17 16 12 9 486 5 5 10 140
1462 9 7 5 4 271 6 50 53 60
1463 10 12 10 8 1360 1 10 15 260
1464 10 12 10 8 1228 1 67 72 220
1465 18 12 10 3 63 2 59 64 180
1466 10 12 10 8 1175 1 52 57 200
1467 1 12 8 7 397 9 16 19 780
1468 2 12 10 8 1645 1 66 71 170
1469 17 16 12 9 403 5 64 67 100
1470 1 12 8 8 374 9 16 19 480
1471 9 7 5 4 474 6 51 54 60
1472 19 16 12 9 412 5 25 51 100
1473 9 8 6 5 428 3 60 65 80
1474 3 12 10 9 461 4 10 15 170
1475 2 12 10 8 1645 1 18 23 170
1476 9 8 6 5 438 3 59 64 90
1477 9 8 6 5 437 3 53 58 80
1478 13 8 6 5 437 3 26 52 80
1479 19 12 10 9 304 4 60 65 70
1480 9 7 5 4 271 6 24 50 60
1481 17 16 12 9 407 5 4 9 90
1482 9 7 5 4 285 6 68 73 80
1483 9 8 6 5 437 3 9 12 80
1484 13 12 10 8 1207 1 25 51 240
1485 2 12 10 8 1302 1 9 12 120
1486 9 8 6 5 437 3 16 19 80
1487 10 12 10 8 1175 1 68 73 200
1488 1 8 6 3 59 7 16 19 1100
1489 9 8 6 5 437 3 57 60 80
1490 8 16 12 9 492 5 10 15 180
1491 9 8 6 5 437 3 4 9 80
1492 2 12 10 8 1645 1 72 75 170
1493 5 16 12 9 467 5 8 11 190
1494 9 8 6 5 436 3 18 23 90
1495 17 16 12 9 486 5 4 9 140
1496 13 12 10 8 1153 1 8 11 210
1497 17 16 12 9 486 5 57 60 140
1498 9 7 5 4 204 6 16 19 40
1499 13 8 6 5 437 3 51 54 80
1500 17 16 12 9 468 5 17 22 140
1501 9 8 6 5 432 3 24 50 80
1502 10 12 10 8 1331 1 61 66 200
1503 17 16 12 9 486 5 25 51 140
1504 1 12 8 4 120 9 16 19 260
1505 10 12 10 8 1228 1 54 59 220
1506 19 16 12 9 412 5 61 66 100
1507 13 12 10 8 1683 1 66 71 280
1508 9 8 6 5 437 3 52 57 80
1509 8 16 12 9 533 5 26 52 160
1510 12 8 6 5 265 3 4 9 90
1511 13 12 10 8 1606 1 68 73 280
1512 9 7 5 4 204 6 17 22 40
1513 13 12 10 8 1683 1 11 16 280
1514 2 12 10 8 1302 1 3 8 120
1515 13 8 6 5 437 3 5 10 80
1516 17 16 12 9 486 5 19 24 140
1517 13 8 6 5 437 3 57 60 80
1518 14 7 5 4 303 6 26 52 180
1519 17 16 12 9 403 5 54 59 100
1520 17 16 12 9 407 5 57 60 90
1521 17 16 12 9 468 5 23 26 140
1522 8 16 12 9 492 5 22 25 180
1523 19 12 10 9 304 4 61 66 70
1524 13 12 10 8 1606 1 54 59 280
1525 9 8 6 5 438 3 66 71 90
1526 1 8 6 11 130 7 51 54 290
1527 5 12 10 9 463 4 51 54 230
1528 17 16 12 9 486 5 16 19 140
1529 2 12 10 8 1645 1 15 18 170
1530 2 12 10 8 1645 1 11 16 170
1531 5 16 12 9 467 5 26 52 190
1532 9 7 5 4 285 6 19 24 80
1533 17 16 12 9 407 5 67 72 90
1534 16 16 12 9 486 5 26 52 140
1535 10 12 10 8 1360 1 53 58 260
1536 13 12 10 8 1233 1 22 25 240
1537 17 16 12 9 403 5 23 26 100
1538 10 12 10 8 1228 1 73 78 220
1539 18 12 10 11 177 2 24 50 150
1540 19 16 12 9 142 5 60 65 160
1541 9 7 5 4 144 6 18 23 40
1542 9 8 6 5 437 3 16 19 80
1543 5 12 10 9 463 4 68 73 230
1544 9 8 6 5 436 3 10 15 90
1545 1 8 6 3 59 7 72 75 1100
1546 2 12 10 8 1302 1 59 64 120
1547 10 12 10 8 1175 1 16 19 200
1548 9 8 6 5 432 3 54 59 80
1549 13 8 6 5 437 3 25 51 80
1550 10 12 10 8 1175 1 73 78 200
1551 10 12 10 8 1228 1 16 19 220
1552 3 12 10 9 302 4 24 50 70
1553 4 12 10 11 532 2 57 57 170
1554 9 8 6 5 437 3 52 57 80
1555 13 8 6 5 437 3 68 73 80
1556 2 12 10 8 1302 1 18 23 120
1557 8 16 12 9 374 5 54 59 90
1558 4 12 10 11 536 2 78 78 170
1559 10 12 10 8 1228 1 68 73 220
1560 10 12 10 8 1360 1 5 10 260
1561 12 8 6 5 305 3 1 4 100
1562 6 12 10 10 178 2 12 12 270
1563 10 12 10 8 1152 1 59 64 220
1564 17 16 12 9 446 5 3 8 90
1565 9 8 6 5 433 3 65 68 70
1566 10 12 10 8 1228 1 10 15 220
1567 8 16 12 9 374 5 12 17 90
1568 10 12 10 8 1360 1 25 51 260
1569 9 8 6 5 432 3 50 53 80
1570 9 8 6 5 436 3 61 66 80
1571 9 8 6 5 433 3 72 75 80
1572 9 8 6 5 437 3 64 67 80
1573 5 16 12 9 423 5 61 66 110
1574 5 16 12 9 457 5 10 15 110
1575 19 16 12 9 412 5 57 60 100
1576 18 12 10 11 177 2 73 78 150
1577 10 12 10 8 1360 1 66 71 260
1578 9 7 5 4 144 6 65 68 40
1579 10 12 10 8 1360 1 11 16 260
1580 1 12 8 8 374 9 51 54 480
1581 18 12 10 3 69 2 12 17 200
1582 9 7 5 4 285 6 4 9 80
1583 17 16 12 9 446 5 18 23 90
1584 9 7 5 4 474 6 73 78 60
1585 9 8 6 5 433 3 25 51 80
1586 9 8 6 5 428 3 66 71 80
1587 13 12 10 8 1606 1 67 72 280
1588 17 16 12 9 407 5 16 19 90
1589 9 7 5 4 204 6 19 24 40
1590 9 8 6 5 433 3 58 61 70
1591 5 16 12 9 467 5 73 78 190
1592 16 16 12 9 486 5 12 17 140
1593 5 16 12 9 457 5 52 57 110
1594 9 7 5 4 285 6 22 25 80
1595 4 12 10 11 596 2 50 50 290
1596 9 8 6 5 438 3 12 17 80
1597 8 16 12 9 492 5 15 18 180
1598 9 8 6 5 432 3 8 11 80
1599 5 16 12 9 457 5 16 19 110
1600 2 12 10 8 1645 1 1 4 170
1601 11 12 10 9 505 2 16 19 620
1602 19 12 10 9 304 4 23 26 70
1603 13 12 10 8 1233 1 73 78 240
1604 4 12 10 11 596 2 19 19 290
1605 9 7 5 4 204 6 4 9 40
1606 9 8 6 5 437 3 72 75 80
1607 9 7 5 4 271 6 67 72 60
1608 10 12 10 8 1228 1 5 10 220
1609 10 12 10 8 1175 1 54 59 200
1610 19 12 10 9 304 4 25 51 70
1611 13 8 6 5 437 3 61 66 80
1612 10 12 10 8 1152 1 60 65 220
1613 9 8 6 5 432 3 11 16 80
1614 13 12 10 8 1606 1 16 19 280
1615 9 7 5 4 271 6 72 75 60
1616 19 16 12 9 142 5 58 61 160
1617 19 16 12 9 142 5 22 25 160
1618 9 8 6 5 436 3 25 51 80
1619 9 8 6 5 433 3 67 72 80
1620 9 8 6 5 436 3 65 68 90
1621 5 16 12 9 423 5 25 51 110
1622 19 16 12 9 142 5 59 64 160
1623 19 16 12 9 142 5 24 50 160
1624 9 7 5 4 474 6 26 52 60
1625 19 16 12 9 412 5 50 53 100
1626 8 16 12 9 492 5 73 78 180
1627 9 8 6 5 428 3 59 64 80
1628 10 12 10 8 1152 1 19 24 220
1629 18 12 10 11 177 2 26 52 150
1630 9 8 6 5 437 3 17 22 80
1631 2 12 10 8 1645 1 19 24 170
1632 16 16 12 9 486 5 4 9 140
1633 13 8 6 5 397 3 73 78 80
1634 5 16 12 9 457 5 53 58 110
1635 5 16 12 9 523 5 54 59 150
1636 9 7 5 4 204 6 52 57 40
1637 8 16 12 9 492 5 50 53 180
1638 9 8 6 5 432 3 5 10 80
1639 11 12 10 9 505 2 12 12 620
1640 19 16 12 9 412 5 67 72 100
1641 2 12 10 8 1645 1 51 54 170
1642 9 7 5 4 474 6 22 25 60
1643 2 12 10 8 1302 1 19 24 120
1644 2 12 10 8 1645 1 64 67 170
1645 3 12 10 9 302 4 59 64 70
1646 9 8 6 5 433 3 50 53 80
1647 9 8 6 5 438 3 18 23 80
1648 18 12 10 11 173 2 24 50 100
1649 5 16 12 9 453 5 66 71 110
1650 5 16 12 9 423 5 57 60 110
1651 9 8 6 5 436 3 57 60 80
1652 9 7 5 4 204 6 9 12 40
1653 9 8 6 5 433 3 17 22 70
1654 5 16 12 9 457 5 22 25 110
1655 9 7 5 4 204 6 10 15 40
1656 13 12 10 8 1153 1 24 50 210
1657 9 7 5 4 285 6 16 19 80
1658 16 16 12 9 486 5 9 12 140
1659 13 12 10 8 1683 1 61 66 280
1660 19 12 10 9 304 4 50 53 70
1661 10 12 10 8 1228 1 12 17 220
1662 9 8 6 5 433 3 10 15 70
1663 18 12 10 11 173 2 19 24 100
1664 10 12 10 8 1152 1 11 16 220
1665 8 16 12 9 492 5 18 23 180
1666 9 8 6 5 438 3 67 72 80
1667 9 8 6 5 433 3 54 59 70
1668 8 16 12 9 492 5 24 50 180
1669 5 16 12 9 523 5 65 68 150
1670 9 8 6 5 438 3 50 53 80
1671 4 12 10 11 536 2 15 15 170
1672 14 7 5 4 303 6 68 73 180
1673 15 12 10 9 998 4 25 25 160
1674 2 12 10 8 1302 1 72 75 120
1675 9 8 6 5 432 3 57 60 80
1676 9 7 5 4 271 6 12 17 60
1677 12 8 6 5 265 3 53 58 90
1678 14 7 5 4 303 6 51 54 180
1679 4 12 10 11 596 2 17 17 290
1680 1 8 6 3 84 7 16 19 1420
1681 2 12 10 8 1302 1 53 58 120
1682 13 12 10 8 1606 1 50 53 280
1683 3 12 10 9 302 4 25 25 70
1684 19 16 12 9 142 5 64 67 160
1685 2 12 10 8 1302 1 58 61 120
1686 19 16 12 9 412 5 52 57 100
1687 18 12 10 11 173 2 52 57 100
1688 10 12 10 8 1360 1 59 64 260
1689 13 12 10 8 1207 1 11 16 240
1690 12 8 6 5 265 3 67 72 90
1691 2 12 10 8 1302 1 15 18 120
1692 10 12 10 8 1152 1 72 75 220
1693 9 7 5 4 285 6 10 15 80
1694 6 12 10 2 22 2 58 61 350
1695 18 12 10 5 119 2 3 8 360
1696 8 16 12 9 374 5 64 67 90
1697 5 16 12 9 523 5 51 54 150
1698 9 8 6 5 436 3 50 53 90
1699 8 16 12 9 492 5 67 72 180
1700 5 16 12 9 457 5 58 61 110
1701 5 16 12 9 453 5 17 22 110
1702 8 16 12 9 374 5 26 52 90
1703 9 8 6 5 432 3 23 26 80
1704 9 8 6 5 437 3 67 72 80
1705 10 12 10 8 1360 1 51 54 260
1706 9 8 6 5 438 3 53 58 80
1707 5 16 12 9 457 5 9 12 110
1708 9 7 5 4 474 6 71 74 60
1709 8 16 12 9 374 5 9 12 90
1710 8 16 12 9 492 5 53 58 180
1711 14 7 5 4 303 6 65 68 180
1712 4 12 10 11 596 2 66 66 290
1713 9 8 6 5 433 3 61 66 70
1714 19 12 10 9 304 4 12 17 70
1715 5 16 12 9 467 5 71 74 190
1716 4 12 10 11 536 2 26 26 170
1717 8 16 12 9 374 5 16 19 90
1718 13 12 10 8 1153 1 17 22 210
1719 15 12 10 9 1114 4 64 67 170
1720 9 8 6 5 438 3 73 78 90
1721 8 16 12 9 492 5 60 65 180
1722 10 12 10 8 1152 1 53 58 220
1723 13 8 6 5 397 3 26 52 80
1724 9 8 6 5 437 3 22 25 80
1725 4 12 10 11 536 2 59 59 170
1726 10 12 10 8 1152 1 58 61 220
1727 17 16 12 9 407 5 52 57 90
1728 13 12 10 8 1683 1 23 26 280
1729 2 12 10 8 1645 1 60 65 170
1730 10 12 10 8 1228 1 52 57 220
1731 9 7 5 4 271 6 19 24 60
1732 8 16 12 9 492 5 11 11 180
1733 9 7 5 4 271 6 58 61 60
1734 13 12 10 8 1683 1 65 68 280
1735 5 16 12 9 467 5 66 71 190
1736 10 12 10 8 1152 1 66 71 220
1737 13 12 10 8 1153 1 12 17 210
1738 9 8 6 5 433 3 68 73 70
1739 9 7 5 4 271 6 9 12 60
1740 9 8 6 5 428 3 73 78 80
1741 16 16 12 9 486 5 16 19 140
1742 9 7 5 4 285 6 11 16 80
1743 4 12 10 11 536 2 12 12 170
1744 9 8 6 5 432 3 22 25 80
1745 12 8 6 5 265 3 50 53 90
1746 13 12 10 8 1233 1 24 50 240
1747 13 12 10 8 1207 1 19 24 240
1748 18 12 10 11 177 2 10 15 150
1749 9 8 6 5 432 3 65 68 80
1750 5 16 12 9 523 5 68 73 150
1751 2 12 10 8 1645 1 3 8 170
1752 9 8 6 5 437 3 12 17 80
1753 13 12 10 8 1153 1 71 74 210
1754 18 12 10 11 177 2 59 64 150
1755 2 12 10 8 1302 1 66 71 120
1756 9 8 6 5 432 3 15 18 80
1757 9 7 5 4 204 6 53 58 40
1758 9 7 5 4 204 6 64 67 40
1759 2 12 10 8 1302 1 11 16 120
1760 19 16 12 9 412 5 16 19 100
1761 8 16 12 9 533 5 71 74 160
1762 8 16 12 9 374 5 23 26 90
1763 2 12 10 8 1645 1 9 12 170
1764 13 12 10 8 1606 1 57 60 280
1765 8 16 12 9 374 5 25 51 90
1766 9 8 6 5 433 3 64 67 80
1767 15 12 10 9 998 4 64 67 160
1768 11 12 10 9 505 2 58 61 620
1769 9 7 5 4 271 6 4 9 60
1770 9 7 5 4 204 6 60 65 40
1771 9 7 5 4 474 6 66 71 60
1772 9 8 6 5 433 3 15 18 70
1773 19 12 10 9 304 4 16 19 70
1774 19 16 12 9 142 5 12 17 160
1775 17 16 12 9 486 5 17 22 140
1776 16 16 12 9 486 5 19 24 140
1777 9 7 5 4 144 6 71 74 40
1778 8 16 12 9 492 5 22 25 180
1779 8 16 12 9 374 5 19 24 90
1780 1 8 6 4 327 7 9 12 1180
1781 10 12 10 8 1360 1 72 75 260
1782 1 8 6 3 129 7 58 61 190
1783 9 8 6 5 433 3 57 60 70
1784 9 7 5 4 271 6 52 57 60
1785 18 12 10 2 44 2 52 57 100
1786 9 8 6 5 436 3 24 50 80
1787 9 8 6 5 438 3 59 64 80
1788 9 8 6 5 433 3 52 57 80
1789 12 8 6 5 265 3 22 25 90
1790 9 7 5 4 285 6 25 51 80
1791 9 8 6 5 438 3 22 25 80
1792 9 8 6 5 438 3 10 15 80
1793 1 12 8 7 397 9 51 54 780
1794 16 16 12 9 486 5 73 78 140
1795 9 7 5 4 271 6 64 67 60
1796 17 16 12 9 407 5 9 12 90
1797 14 7 5 4 303 6 5 10 180
1798 18 12 10 11 173 2 12 17 100
1799 9 8 6 5 433 3 16 19 80
1800 8 16 12 9 492 5 59 64 180
1801 10 12 10 8 1228 1 24 50 220
1802 5 16 12 9 453 5 65 68 110
1803 9 7 5 4 204 6 12 17 40
1804 4 12 10 11 536 2 73 73 170
1805 9 7 5 4 474 6 50 53 60
1806 9 8 6 5 433 3 4 9 80
1807 17 16 12 9 407 5 58 61 90
1808 10 12 10 8 1360 1 9 12 260
1809 9 7 5 4 285 6 8 11 80
1810 9 8 6 5 437 3 50 53 80
1811 18 12 10 3 69 2 5 10 200
1812 17 16 12 9 468 5 54 59 140
1813 9 8 6 5 433 3 3 8 70
1814 9 8 6 5 438 3 17 22 80
1815 18 12 10 4 94 2 68 73 270
1816 9 8 6 5 438 3 60 65 80
1817 5 16 12 9 467 5 5 10 190
1818 8 16 12 9 492 5 10 15 180
1819 18 12 10 4 84 2 68 73 270
1820 9 8 6 5 433 3 19 24 80
1821 17 16 12 9 486 5 54 59 140
1822 17 16 12 9 468 5 61 66 140
1823 5 12 10 9 463 4 65 68 230
1824 18 12 10 11 177 2 3 8 150
1825 16 16 12 9 486 5 23 26 140
1826 17 16 12 9 486 5 61 66 140
1827 9 7 5 4 204 6 72 75 40
1828 5 16 12 9 453 5 5 10 110
1829 6 12 10 9 172 4 26 52 30
1830 11 12 10 9 505 2 12 17 620
1831 9 8 6 5 432 3 51 54 80
1832 9 8 6 5 433 3 11 16 70
1833 19 16 12 9 142 5 50 53 160
1834 10 12 10 8 1152 1 25 51 220
1835 9 7 5 4 285 6 61 66 80
1836 9 8 6 5 432 3 68 73 80
1837 8 16 12 9 492 5 11 11 180
1838 8 16 12 9 492 5 15 18 180
1839 5 16 12 9 457 5 12 17 110
1840 18 12 10 3 63 2 73 78 180
1841 10 12 10 8 1331 1 65 68 200
1842 13 8 6 5 437 3 65 68 80
1843 9 8 6 5 438 3 26 52 90
1844 13 12 10 8 1153 1 57 60 210
1845 17 16 12 9 468 5 68 73 140
1846 8 16 12 9 374 5 52 57 90
1847 1 12 8 4 120 9 58 61 260
1848 12 8 6 5 265 3 60 65 90
1849 4 12 10 11 532 2 52 52 170
1850 2 12 10 8 1645 1 25 51 170
1851 17 16 12 9 403 5 52 57 100
1852 5 16 12 9 423 5 51 54 110
1853 17 16 12 9 407 5 64 67 90
1854 9 8 6 5 432 3 17 22 80
1855 9 7 5 4 204 6 67 72 40
1856 13 12 10 8 1606 1 71 74 280
1857 1 12 8 4 120 9 9 12 260
1858 19 12 10 9 304 4 19 24 70
1859 17 16 12 9 446 5 2 5 90
1860 8 16 12 9 492 5 10 10 180
1861 13 12 10 8 1233 1 8 11 240
1862 16 16 12 9 486 5 57 60 140
1863 19 12 10 9 304 4 58 61 70
1864 9 8 6 5 437 3 64 67 80
1865 9 8 6 5 437 3 72 75 80
1866 9 8 6 5 436 3 71 74 90
1867 16 12 10 9 454 4 51 54 250
1868 9 8 6 5 433 3 23 26 70
1869 9 8 6 5 433 3 58 61 80
1870 15 12 10 9 998 4 50 53 160
1871 13 12 10 8 1683 1 19 24 280
1872 9 8 6 5 433 3 25 51 70
1873 9 8 6 5 437 3 67 72 80
1874 2 12 10 8 1302 1 25 51 120
1875 9 7 5 4 285 6 54 59 80
1876 17 16 12 9 403 5 58 61 100
1877 19 16 12 9 412 5 58 61 100
1878 16 12 10 9 454 4 59 64 250
1879 13 12 10 8 1153 1 50 53 210
1880 4 12 10 11 596 2 22 22 290
1881 1 8 6 3 129 7 16 19 190
1882 9 8 6 5 433 3 8 11 70
1883 5 16 12 9 423 5 17 22 110
1884 13 8 6 5 397 3 66 71 80
1885 16 16 12 9 486 5 11 16 140
1886 19 12 10 9 304 4 52 57 70
1887 9 8 6 5 433 3 9 12 80
1888 10 12 10 8 1360 1 60 65 260
1889 4 12 10 11 532 2 8 8 170
