nbCamions 407
Id_truck Number_of_suppliers Supplier_code
0 1 16
1 2 13 14
2 1 16
3 2 4 17
4 2 16 18
5 2 4 17
6 1 2
7 1 2
8 1 5
9 1 9
10 2 4 17
11 1 8
12 1 8
13 1 10
14 1 8
15 1 8
16 1 8
17 1 10
18 1 10
19 1 9
20 1 9
21 2 9 3
22 1 5
23 1 9
24 1 1
25 2 6 11
26 2 6 11
27 1 9
28 1 15
29 1 1
30 1 5
31 1 9
32 1 2
33 1 2
34 1 16
35 2 6 11
36 1 8
37 2 16 18
38 2 4 17
39 1 16
40 2 13 14
41 1 16
42 1 10
43 2 13 14
44 1 15
45 2 13 14
46 1 2
47 1 5
48 1 3
49 1 9
50 2 16 18
51 1 16
52 2 13 14
53 1 9
54 1 3
55 1 7
56 1 8
57 1 8
58 1 5
59 2 16 18
60 2 6 11
61 2 13 14
62 1 1
63 2 6 11
64 2 4 17
65 1 2
66 1 2
67 1 5
68 2 9 3
69 2 17 12
70 1 2
71 1 2
72 1 9
73 1 5
74 1 10
75 1 19
76 2 16 18
77 1 19
78 1 10
79 1 5
80 2 4 17
81 2 13 14
82 1 19
83 1 2
84 1 8
85 1 8
86 1 8
87 2 17 12
88 1 5
89 1 7
90 1 7
91 1 2
92 2 13 14
93 2 4 17
94 1 9
95 2 4 17
96 1 5
97 1 8
98 2 4 17
99 1 19
100 1 5
101 2 9 3
102 1 19
103 1 5
104 1 9
105 1 16
106 2 13 14
107 1 8
108 1 10
109 1 5
110 1 9
111 1 16
112 2 9 3
113 1 2
114 1 2
115 1 10
116 1 8
117 1 8
118 1 16
119 1 2
120 1 5
121 1 2
122 1 19
123 1 5
124 1 8
125 1 8
126 2 16 18
127 1 8
128 1 8
129 1 16
130 1 2
131 1 8
132 1 9
133 1 2
134 1 2
135 1 8
136 1 5
137 1 5
138 2 13 14
139 1 2
140 1 16
141 1 2
142 1 8
143 2 16 18
144 1 19
145 1 8
146 1 2
147 1 2
148 1 2
149 1 2
150 1 7
151 1 8
152 1 8
153 2 17 12
154 2 13 14
155 1 2
156 1 2
157 1 5
158 1 5
159 2 13 14
160 1 8
161 1 2
162 1 5
163 1 5
164 1 19
165 1 19
166 1 8
167 1 3
168 2 6 11
169 1 9
170 1 2
171 1 8
172 1 10
173 1 5
174 1 9
175 1 9
176 2 9 3
177 1 5
178 1 8
179 1 8
180 1 8
181 1 2
182 1 19
183 1 10
184 1 2
185 1 8
186 1 8
187 1 2
188 1 3
189 1 9
190 1 9
191 1 19
192 1 2
193 1 5
194 1 9
195 1 8
196 1 8
197 1 9
198 1 19
199 2 6 11
200 2 4 17
201 1 7
202 1 9
203 1 15
204 1 5
205 2 4 17
206 1 9
207 1 8
208 1 9
209 1 19
210 1 16
211 1 8
212 1 2
213 1 2
214 1 2
215 1 16
216 1 2
217 1 10
218 1 7
219 2 13 14
220 2 17 12
221 1 2
222 1 7
223 2 16 18
224 1 5
225 1 16
226 1 9
227 2 9 3
228 1 5
229 1 5
230 1 16
231 1 2
232 1 5
233 1 10
234 1 16
235 1 2
236 1 2
237 2 13 14
238 2 13 14
239 1 8
240 1 8
241 2 13 14
242 2 17 12
243 1 1
244 1 2
245 2 17 12
246 1 5
247 1 8
248 1 5
249 1 8
250 1 16
251 1 8
252 1 10
253 1 19
254 1 9
255 2 6 11
256 2 13 14
257 1 2
258 1 5
259 2 17 12
260 2 13 14
261 1 9
262 1 8
263 1 10
264 2 4 17
265 1 8
266 1 8
267 1 16
268 1 5
269 2 13 14
270 1 19
271 1 9
272 1 10
273 1 3
274 1 5
275 1 9
276 1 19
277 1 5
278 1 2
279 1 9
280 1 3
281 1 19
282 2 4 17
283 1 15
284 2 16 18
285 1 8
286 1 8
287 1 10
288 2 6 11
289 2 17 12
290 2 13 14
291 1 19
292 1 16
293 2 6 11
294 1 10
295 2 16 18
296 1 16
297 2 13 14
298 1 19
299 1 16
300 1 8
301 1 9
302 1 10
303 2 16 18
304 1 8
305 1 10
306 1 16
307 2 6 11
308 1 5
309 2 13 14
310 2 13 14
311 1 16
312 1 19
313 2 4 17
314 1 19
315 2 13 14
316 2 13 14
317 2 6 11
318 1 8
319 2 17 12
320 1 7
321 1 7
322 1 8
323 1 15
324 2 4 17
325 1 8
326 1 1
327 2 4 17
328 2 13 14
329 1 19
330 2 6 11
331 1 9
332 2 16 18
333 2 4 17
334 1 16
335 1 19
336 1 2
337 1 8
338 1 10
339 1 10
340 2 17 12
341 1 19
342 2 13 14
343 1 16
344 2 16 18
345 1 7
346 2 13 14
347 1 2
348 1 2
349 2 4 17
350 1 19
351 2 4 17
352 2 4 17
353 2 4 17
354 2 17 12
355 2 13 14
356 1 15
357 1 7
358 1 8
359 2 13 14
360 2 9 3
361 1 19
362 1 1
363 1 9
364 2 17 12
365 1 16
366 1 19
367 2 13 14
368 1 8
369 2 9 3
370 1 9
371 1 16
372 2 4 17
373 1 10
374 1 10
375 1 15
376 1 16
377 2 13 14
378 1 9
379 1 16
380 1 19
381 1 10
382 1 7
383 2 13 14
384 1 16
385 1 9
386 1 3
387 2 16 18
388 1 10
389 1 16
390 1 2
391 2 16 18
392 2 17 12
393 2 13 14
394 1 7
395 1 1
396 2 17 12
397 1 9
398 2 13 14
399 1 7
400 2 4 17
401 1 19
402 2 17 12
403 2 6 11
404 1 10
405 2 13 14
406 1 10
