nbCamions 1269
Id_truck Number_of_suppliers Supplier_code
0 1 48
1 1 39
2 3 99 107 66
3 1 39
4 1 70
5 1 39
6 1 39
7 1 47
8 1 60
9 2 72 21
10 2 44 60
11 2 45 29
12 1 39
13 1 39
14 1 39
15 1 39
16 1 39
17 1 39
18 1 39
19 1 39
20 1 39
21 1 39
22 2 100 43
23 1 39
24 1 47
25 1 39
26 1 39
27 1 39
28 1 39
29 1 39
30 1 39
31 1 39
32 1 39
33 1 39
34 1 39
35 1 40
36 1 39
37 2 93 100
38 1 115
39 2 93 100
40 1 92
41 1 29
42 1 59
43 1 115
44 1 115
45 1 110
46 2 29 103
47 1 22
48 2 72 21
49 1 22
50 1 123
51 2 74 127
52 1 118
53 2 2 3
54 1 111
55 1 39
56 1 121
57 1 21
58 1 22
59 1 60
60 1 60
61 1 77
62 1 39
63 1 39
64 2 53 95
65 2 75 47
66 1 92
67 2 111 108
68 1 121
69 1 115
70 1 24
71 2 45 29
72 1 69
73 1 92
74 2 63 64
75 1 39
76 1 121
77 1 121
78 1 39
79 1 121
80 1 39
81 1 47
82 1 69
83 1 39
84 1 39
85 1 39
86 1 39
87 1 121
88 1 121
89 1 39
90 1 130
91 1 39
92 1 39
93 1 39
94 1 39
95 1 39
96 1 39
97 1 39
98 1 21
99 2 76 73
100 2 23 78
101 1 97
102 2 90 89
103 1 46
104 2 46 119
105 1 20
106 1 120
107 1 120
108 1 106
109 1 40
110 1 40
111 1 91
112 2 125 126
113 1 101
114 1 39
115 1 101
116 2 11 41
117 1 39
118 1 88
119 1 79
120 3 50 26 51
121 1 91
122 1 39
123 1 121
124 1 121
125 1 39
126 3 113 42 94
127 1 112
128 3 113 42 94
129 1 8
130 1 39
131 1 116
132 1 20
133 1 39
134 1 39
135 1 88
136 1 77
137 1 32
138 1 128
139 2 90 89
140 1 39
141 1 39
142 1 39
143 1 120
144 1 122
145 4 114 98 13 104
146 1 21
147 1 39
148 3 62 54 124
149 1 39
150 2 93 100
151 1 120
152 1 120
153 1 39
154 1 122
155 1 39
156 1 129
157 1 39
158 1 116
159 3 61 63 64
160 1 40
161 1 40
162 2 79 82
163 2 81 80
164 1 113
165 3 61 63 64
166 1 129
167 2 79 82
168 1 28
169 1 118
170 1 32
171 1 32
172 1 118
173 2 111 108
174 1 22
175 3 57 35 37
176 1 40
177 1 20
178 1 118
179 1 84
180 1 5
181 1 22
182 1 118
183 1 111
184 1 69
185 1 69
186 1 91
187 4 114 98 13 104
188 3 50 26 51
189 1 20
190 1 110
191 4 31 30 126 125
192 1 113
193 1 120
194 1 91
195 1 106
196 1 92
197 2 29 103
198 1 34
199 1 77
200 2 38 67
201 2 86 46
202 3 109 55 96
203 1 39
204 1 46
205 1 27
206 3 57 35 37
207 1 121
208 1 121
209 1 39
210 1 47
211 1 130
212 1 39
213 1 29
214 1 39
215 2 76 73
216 3 18 17 16
217 1 27
218 1 84
219 1 123
220 1 39
221 1 121
222 1 121
223 1 60
224 1 60
225 1 121
226 1 118
227 1 118
228 1 91
229 1 101
230 1 101
231 1 8
232 2 72 21
233 1 121
234 1 118
235 2 111 108
236 1 22
237 1 118
238 1 22
239 2 46 119
240 1 39
241 1 39
242 1 69
243 1 32
244 1 39
245 2 38 67
246 1 88
247 1 84
248 1 39
249 3 18 17 16
250 1 121
251 1 39
252 1 39
253 1 39
254 2 11 41
255 1 39
256 1 130
257 1 101
258 1 130
259 1 101
260 1 101
261 1 39
262 1 84
263 1 69
264 1 39
265 1 120
266 1 120
267 4 114 98 104 13
268 1 59
269 1 59
270 1 122
271 1 32
272 1 88
273 2 93 100
274 1 123
275 1 13
276 1 22
277 1 36
278 1 36
279 1 111
280 2 74 127
281 1 32
282 2 11 41
283 1 88
284 3 88 105 85
285 2 45 29
286 1 123
287 4 114 98 13 104
288 1 70
289 2 11 41
290 1 130
291 1 84
292 1 84
293 1 24
294 1 130
295 1 60
296 1 60
297 1 39
298 1 39
299 2 44 60
300 1 36
301 1 36
302 1 60
303 1 91
304 1 120
305 3 52 71 56
306 4 31 30 126 125
307 1 59
308 4 15 14 1 19
309 1 36
310 1 36
311 1 106
312 1 36
313 1 122
314 1 36
315 1 59
316 1 92
317 1 110
318 1 39
319 1 106
320 1 39
321 2 4 83
322 1 120
323 2 25 27
324 1 39
325 1 39
326 1 39
327 1 36
328 1 39
329 1 39
330 1 120
331 1 36
332 1 36
333 1 39
334 1 39
335 1 122
336 4 114 98 13 104
337 2 81 80
338 2 11 41
339 1 59
340 1 8
341 1 88
342 1 39
343 2 88 85
344 1 39
345 1 39
346 1 47
347 1 91
348 1 101
349 1 101
350 3 61 63 64
351 1 60
352 1 60
353 1 84
354 1 40
355 1 118
356 1 118
357 1 39
358 1 69
359 1 69
360 1 39
361 1 118
362 1 13
363 1 39
364 1 39
365 1 39
366 1 39
367 1 118
368 1 118
369 1 123
370 1 100
371 1 91
372 1 69
373 1 69
374 1 97
375 2 125 126
376 2 79 82
377 1 84
378 1 36
379 1 32
380 1 22
381 1 112
382 1 47
383 3 18 17 16
384 1 39
385 1 32
386 1 20
387 2 86 46
388 1 22
389 1 20
390 1 5
391 1 39
392 1 39
393 1 5
394 1 39
395 1 39
396 1 39
397 1 39
398 1 39
399 1 39
400 1 121
401 1 130
402 1 27
403 1 130
404 1 91
405 4 31 30 126 125
406 1 39
407 1 39
408 2 2 3
409 1 39
410 3 50 26 51
411 1 39
412 4 31 30 126 125
413 2 81 80
414 1 39
415 1 5
416 1 39
417 1 39
418 1 121
419 1 39
420 1 39
421 1 115
422 2 33 117
423 3 61 63 64
424 1 20
425 1 84
426 1 84
427 1 69
428 1 69
429 1 120
430 1 120
431 1 116
432 1 120
433 1 118
434 1 118
435 1 39
436 1 110
437 1 39
438 2 90 89
439 1 39
440 1 60
441 1 70
442 1 60
443 1 112
444 2 45 29
445 1 112
446 1 120
447 1 120
448 1 39
449 1 120
450 3 50 26 51
451 1 39
452 1 97
453 2 35 37
454 1 122
455 1 40
456 1 40
457 1 113
458 2 79 82
459 1 91
460 1 129
461 1 39
462 1 120
463 3 61 63 64
464 1 39
465 1 120
466 1 39
467 1 39
468 1 39
469 1 39
470 1 116
471 1 39
472 1 39
473 1 40
474 1 39
475 1 39
476 1 39
477 3 57 35 37
478 1 39
479 1 39
480 2 46 119
481 1 121
482 1 120
483 1 122
484 1 70
485 1 101
486 1 101
487 1 39
488 1 6
489 1 39
490 1 40
491 1 39
492 3 65 81 80
493 1 70
494 1 39
495 1 116
496 1 39
497 2 2 3
498 1 39
499 1 130
500 1 101
501 2 108 111
502 1 40
503 1 40
504 1 39
505 3 65 81 80
506 3 99 107 66
507 1 121
508 1 101
509 1 22
510 1 121
511 1 77
512 1 92
513 1 22
514 1 118
515 1 118
516 1 123
517 2 29 103
518 1 84
519 2 100 43
520 4 114 98 13 104
521 1 28
522 1 39
523 1 39
524 1 39
525 1 39
526 1 39
527 1 39
528 1 101
529 1 39
530 1 101
531 1 39
532 1 101
533 1 39
534 1 39
535 1 32
536 1 39
537 1 88
538 1 121
539 1 116
540 1 60
541 1 47
542 1 47
543 2 79 82
544 1 88
545 1 60
546 1 84
547 3 61 63 64
548 1 121
549 1 121
550 1 118
551 1 39
552 1 39
553 1 39
554 3 99 107 66
555 2 90 89
556 1 39
557 1 21
558 1 39
559 1 128
560 1 111
561 1 47
562 1 39
563 3 62 54 124
564 2 38 67
565 2 72 21
566 1 121
567 1 123
568 3 18 17 16
569 2 111 108
570 2 100 43
571 2 79 82
572 1 39
573 1 39
574 2 75 47
575 1 39
576 1 34
577 1 39
578 2 29 103
579 1 110
580 1 39
581 1 39
582 1 39
583 2 29 49
584 1 39
585 1 39
586 1 20
587 1 121
588 1 121
589 2 29 103
590 1 77
591 1 130
592 1 69
593 1 69
594 1 130
595 1 115
596 1 36
597 1 121
598 1 115
599 1 69
600 1 59
601 2 76 73
602 1 47
603 1 21
604 1 21
605 1 59
606 1 110
607 1 39
608 1 21
609 1 21
610 1 39
611 1 115
612 1 115
613 2 93 100
614 2 33 117
615 3 61 63 64
616 1 69
617 1 59
618 1 110
619 1 59
620 1 69
621 1 59
622 1 6
623 1 39
624 3 12 10 7
625 1 39
626 1 39
627 1 39
628 1 39
629 2 45 29
630 1 5
631 2 58 9
632 2 45 29
633 1 39
634 1 39
635 1 92
636 1 60
637 1 36
638 1 40
639 1 6
640 1 40
641 1 115
642 1 106
643 2 93 100
644 1 110
645 1 115
646 2 81 80
647 1 8
648 2 76 73
649 1 110
650 1 5
651 1 48
652 1 60
653 1 60
654 1 39
655 1 39
656 1 84
657 3 57 35 37
658 2 76 73
659 1 106
660 1 118
661 1 118
662 2 23 78
663 1 130
664 1 130
665 1 106
666 1 69
667 2 86 46
668 1 59
669 1 91
670 2 11 41
671 1 69
672 1 69
673 1 69
674 1 121
675 1 69
676 3 18 17 16
677 1 113
678 4 114 98 13 104
679 1 24
680 1 69
681 1 5
682 2 81 80
683 1 92
684 1 27
685 2 38 67
686 1 39
687 1 39
688 2 111 108
689 2 29 103
690 2 72 21
691 1 59
692 1 39
693 1 88
694 1 32
695 1 22
696 1 22
697 1 77
698 2 38 67
699 2 81 80
700 1 84
701 1 39
702 1 92
703 1 27
704 1 69
705 1 69
706 1 69
707 1 69
708 1 118
709 1 29
710 2 125 126
711 1 79
712 1 118
713 3 81 80 65
714 1 118
715 2 25 27
716 4 31 30 126 125
717 2 33 117
718 2 93 100
719 1 39
720 1 39
721 1 39
722 1 39
723 1 118
724 1 112
725 1 39
726 1 20
727 1 39
728 1 47
729 1 46
730 2 90 89
731 1 120
732 1 120
733 1 120
734 1 24
735 1 22
736 1 128
737 1 77
738 1 101
739 1 101
740 1 70
741 3 62 54 124
742 1 39
743 1 39
744 1 39
745 1 39
746 1 39
747 1 39
748 1 39
749 1 113
750 1 39
751 3 61 63 64
752 1 101
753 1 101
754 1 101
755 1 47
756 1 39
757 1 116
758 1 39
759 1 39
760 2 111 108
761 3 61 63 64
762 1 39
763 1 39
764 1 39
765 1 39
766 1 39
767 1 39
768 1 39
769 1 39
770 1 39
771 1 39
772 1 40
773 1 39
774 1 121
775 1 121
776 2 79 82
777 1 40
778 2 2 3
779 1 39
780 1 39
781 1 39
782 1 39
783 1 39
784 1 115
785 2 111 108
786 1 39
787 1 39
788 1 40
789 1 84
790 1 120
791 1 120
792 1 101
793 1 101
794 1 118
795 1 120
796 1 129
797 1 8
798 1 39
799 1 36
800 1 39
801 1 39
802 3 61 63 64
803 1 39
804 1 122
805 1 39
806 1 39
807 1 39
808 1 39
809 1 39
810 1 120
811 1 39
812 1 39
813 1 128
814 3 109 55 96
815 1 39
816 1 39
817 1 122
818 1 40
819 1 40
820 1 77
821 1 27
822 1 122
823 2 79 82
824 1 121
825 1 39
826 1 120
827 1 39
828 1 21
829 1 39
830 1 39
831 2 53 95
832 1 39
833 1 39
834 3 61 63 64
835 1 39
836 3 113 42 94
837 1 39
838 1 39
839 1 70
840 1 120
841 1 97
842 1 120
843 1 39
844 1 39
845 1 39
846 1 36
847 1 20
848 1 36
849 1 60
850 2 125 126
851 1 39
852 1 39
853 1 39
854 1 39
855 1 39
856 1 39
857 1 39
858 1 70
859 1 39
860 1 60
861 1 39
862 1 39
863 1 40
864 1 40
865 1 39
866 1 101
867 1 59
868 1 101
869 3 62 54 124
870 3 99 107 66
871 2 90 89
872 2 100 43
873 1 39
874 1 39
875 1 130
876 2 11 41
877 3 99 107 66
878 2 76 73
879 2 79 82
880 1 70
881 1 39
882 3 50 26 51
883 1 121
884 1 20
885 1 122
886 2 74 127
887 1 120
888 2 11 41
889 1 47
890 1 130
891 1 39
892 1 47
893 1 39
894 2 111 108
895 1 39
896 1 24
897 1 91
898 1 129
899 1 121
900 1 121
901 1 118
902 1 39
903 1 39
904 2 74 127
905 1 32
906 1 121
907 3 18 17 16
908 1 121
909 1 121
910 1 130
911 3 52 71 56
912 1 24
913 1 123
914 1 123
915 1 69
916 1 60
917 1 88
918 1 60
919 1 32
920 1 69
921 1 121
922 1 121
923 2 93 100
924 1 123
925 1 36
926 3 52 71 56
927 1 22
928 1 84
929 1 5
930 1 21
931 4 114 98 13 104
932 2 45 29
933 1 110
934 1 5
935 1 22
936 1 32
937 4 15 14 1 19
938 1 92
939 1 22
940 1 110
941 1 92
942 1 59
943 1 36
944 1 88
945 3 88 105 85
946 1 32
947 1 116
948 1 115
949 1 115
950 2 45 29
951 1 60
952 1 103
953 1 36
954 1 60
955 4 114 98 13 104
956 1 97
957 1 110
958 2 44 60
959 1 60
960 1 110
961 1 5
962 1 13
963 3 61 63 64
964 1 39
965 2 33 117
966 1 32
967 1 28
968 1 115
969 2 4 83
970 1 59
971 1 92
972 1 47
973 1 101
974 1 101
975 3 12 10 7
976 1 120
977 1 121
978 1 121
979 1 47
980 1 121
981 1 92
982 2 79 82
983 1 13
984 1 32
985 1 32
986 1 106
987 1 21
988 1 88
989 1 22
990 1 106
991 1 32
992 1 39
993 1 22
994 2 76 73
995 3 62 54 124
996 1 110
997 1 118
998 1 118
999 1 69
1000 3 81 80 65
1001 1 121
1002 1 69
1003 1 69
1004 4 31 30 126 125
1005 1 22
1006 1 84
1007 2 29 103
1008 3 81 80 65
1009 1 111
1010 2 2 3
1011 1 21
1012 1 13
1013 2 75 47
1014 2 11 41
1015 3 99 107 66
1016 1 32
1017 2 38 67
1018 1 130
1019 1 39
1020 1 39
1021 1 47
1022 1 47
1023 3 99 107 66
1024 1 21
1025 1 24
1026 2 4 83
1027 1 13
1028 1 60
1029 2 11 41
1030 2 44 60
1031 1 70
1032 1 101
1033 1 39
1034 3 50 26 51
1035 1 39
1036 1 116
1037 1 39
1038 1 39
1039 1 39
1040 1 39
1041 1 39
1042 1 39
1043 1 39
1044 1 39
1045 1 97
1046 1 39
1047 1 39
1048 1 39
1049 1 39
1050 3 113 42 94
1051 2 35 37
1052 1 121
1053 1 121
1054 1 40
1055 1 121
1056 1 121
1057 2 125 126
1058 1 101
1059 1 39
1060 3 109 55 96
1061 1 70
1062 1 39
1063 1 39
1064 1 39
1065 1 120
1066 1 39
1067 1 39
1068 2 100 43
1069 1 39
1070 1 116
1071 1 39
1072 2 11 41
1073 1 39
1074 1 39
1075 1 39
1076 1 79
1077 1 91
1078 1 39
1079 1 120
1080 1 39
1081 1 120
1082 1 39
1083 1 39
1084 1 39
1085 1 113
1086 3 50 26 51
1087 1 77
1088 1 40
1089 1 70
1090 1 40
1091 1 122
1092 1 120
1093 1 120
1094 1 39
1095 1 39
1096 1 39
1097 1 39
1098 1 39
1099 1 120
1100 1 40
1101 1 40
1102 1 101
1103 1 101
1104 1 101
1105 1 59
1106 1 69
1107 1 69
1108 2 93 100
1109 1 69
1110 1 40
1111 1 40
1112 2 79 82
1113 1 120
1114 1 120
1115 1 120
1116 1 129
1117 2 38 67
1118 1 112
1119 2 63 64
1120 2 81 80
1121 1 24
1122 2 90 89
1123 3 61 63 64
1124 1 92
1125 1 120
1126 1 120
1127 1 120
1128 2 72 21
1129 1 97
1130 1 111
1131 1 110
1132 3 62 54 124
1133 1 121
1134 2 45 29
1135 1 121
1136 1 47
1137 1 39
1138 1 91
1139 1 39
1140 1 39
1141 1 39
1142 1 20
1143 1 39
1144 2 81 80
1145 1 39
1146 1 60
1147 1 60
1148 2 74 127
1149 1 39
1150 1 39
1151 1 39
1152 3 61 63 64
1153 1 84
1154 1 101
1155 1 101
1156 1 39
1157 2 86 46
1158 1 39
1159 1 130
1160 1 39
1161 1 39
1162 1 130
1163 1 121
1164 1 84
1165 1 121
1166 1 118
1167 1 118
1168 1 39
1169 1 39
1170 1 77
1171 1 121
1172 1 118
1173 1 121
1174 1 118
1175 1 84
1176 1 34
1177 1 69
1178 1 69
1179 1 39
1180 1 39
1181 1 39
1182 2 111 108
1183 1 39
1184 1 97
1185 1 40
1186 1 118
1187 2 63 64
1188 1 8
1189 1 40
1190 1 69
1191 1 59
1192 1 32
1193 1 69
1194 1 115
1195 1 118
1196 1 118
1197 1 115
1198 1 84
1199 1 6
1200 2 76 73
1201 1 69
1202 1 60
1203 2 93 100
1204 1 60
1205 1 69
1206 1 84
1207 1 22
1208 2 45 29
1209 1 121
1210 1 92
1211 1 60
1212 1 60
1213 1 121
1214 1 118
1215 1 22
1216 1 118
1217 1 101
1218 1 39
1219 2 11 41
1220 1 39
1221 1 39
1222 1 39
1223 1 39
1224 1 123
1225 1 39
1226 1 13
1227 1 115
1228 2 100 43
1229 2 108 111
1230 1 48
1231 2 93 100
1232 1 39
1233 1 39
1234 2 58 9
1235 1 115
1236 1 32
1237 1 110
1238 1 36
1239 1 69
1240 1 59
1241 1 101
1242 1 69
1243 1 115
1244 1 115
1245 1 39
1246 1 115
1247 1 39
1248 1 115
1249 1 69
1250 2 33 117
1251 1 39
1252 2 45 29
1253 1 40
1254 1 40
1255 1 110
1256 2 53 95
1257 2 23 78
1258 1 59
1259 1 59
1260 2 29 103
1261 1 113
1262 1 110
1263 3 52 71 56
1264 2 29 49
1265 1 39
1266 1 39
1267 1 39
1268 1 39
