nbCamions 913
Id_truck Number_of_suppliers Supplier_code
0 1 51
1 3 2 5 53
2 2 88 37
3 1 66
4 3 21 28 31
5 1 52
6 1 8
7 3 13 25 84
8 2 62 60
9 1 60
10 1 94
11 1 20
12 1 53
13 2 88 37
14 1 94
15 1 74
16 3 13 25 84
17 1 52
18 1 20
19 1 92
20 1 57
21 1 43
22 1 92
23 1 92
24 4 27 48 14 91
25 2 75 42
26 2 18 16
27 1 52
28 2 74 81
29 1 57
30 2 26 11
31 2 36 35
32 1 8
33 3 77 1 76
34 1 75
35 2 2 5
36 1 75
37 2 30 45
38 2 15 23
39 2 18 16
40 3 80 41 63
41 1 74
42 2 30 35
43 3 10 24 38
44 1 75
45 4 27 48 14 91
46 2 88 37
47 3 80 41 63
48 2 43 44
49 1 75
50 4 47 50 83 64
51 2 18 16
52 3 21 28 31
53 1 43
54 1 20
55 1 20
56 3 33 59 71
57 1 61
58 3 77 1 76
59 2 74 81
60 2 90 52
61 1 7
62 3 13 25 84
63 1 52
64 1 23
65 3 2 5 53
66 3 40 52 70
67 1 74
68 1 24
69 1 26
70 3 33 59 71
71 1 57
72 1 57
73 2 51 87
74 1 66
75 1 51
76 1 66
77 1 93
78 1 29
79 2 73 71
80 3 21 28 31
81 1 15
82 1 8
83 1 8
84 1 92
85 1 20
86 2 55 6
87 1 53
88 1 75
89 4 27 48 14 91
90 1 75
91 3 78 85 22
92 2 75 72
93 1 75
94 2 26 11
95 1 23
96 2 88 37
97 3 54 34 4
98 1 92
99 1 92
100 3 78 85 22
101 1 29
102 3 78 85 22
103 3 54 68 19
104 2 90 89
105 1 23
106 4 27 48 14 91
107 1 57
108 1 51
109 1 52
110 1 92
111 1 92
112 1 57
113 1 94
114 1 60
115 1 75
116 1 92
117 1 20
118 2 62 60
119 1 20
120 1 23
121 2 75 72
122 1 92
123 1 75
124 2 55 6
125 1 7
126 1 94
127 2 33 71
128 2 18 16
129 3 78 85 22
130 1 92
131 1 75
132 1 92
133 1 92
134 1 60
135 1 66
136 2 10 24
137 1 92
138 3 33 59 71
139 1 8
140 1 57
141 1 24
142 1 60
143 1 20
144 1 20
145 1 20
146 2 20 39
147 1 57
148 1 20
149 1 32
150 2 55 6
151 2 10 24
152 1 58
153 3 78 85 22
154 4 47 50 83 64
155 1 58
156 1 92
157 1 46
158 3 80 41 63
159 3 21 28 31
160 1 61
161 3 33 59 71
162 1 23
163 3 78 85 22
164 2 18 16
165 1 92
166 2 75 42
167 1 75
168 1 92
169 4 27 48 14 91
170 1 53
171 1 75
172 2 88 37
173 2 88 37
174 1 92
175 1 75
176 3 80 41 63
177 4 47 50 83 64
178 1 66
179 2 88 37
180 1 60
181 1 61
182 3 21 28 31
183 2 55 6
184 1 7
185 3 78 85 22
186 2 18 16
187 3 21 28 31
188 2 73 71
189 1 20
190 2 75 42
191 1 53
192 1 58
193 1 52
194 1 23
195 3 78 85 22
196 2 75 72
197 1 20
198 1 75
199 1 7
200 3 10 24 38
201 2 36 35
202 1 53
203 1 7
204 3 21 28 31
205 1 8
206 1 74
207 3 78 85 22
208 2 18 16
209 2 33 71
210 1 53
211 1 86
212 1 7
213 2 28 31
214 2 30 35
215 1 75
216 2 15 23
217 1 23
218 1 32
219 1 75
220 1 92
221 2 73 71
222 1 51
223 1 75
224 2 88 37
225 3 54 34 4
226 3 21 28 31
227 1 60
228 2 62 60
229 1 75
230 1 94
231 1 52
232 2 73 71
233 3 13 25 84
234 2 55 6
235 2 88 37
236 1 51
237 2 51 87
238 1 75
239 1 52
240 1 8
241 2 74 81
242 1 26
243 1 74
244 1 75
245 1 86
246 1 72
247 2 20 39
248 2 88 37
249 1 20
250 1 60
251 3 21 28 31
252 1 8
253 1 26
254 2 69 51
255 1 57
256 3 10 24 38
257 4 27 48 14 91
258 1 75
259 1 20
260 2 18 16
261 2 20 39
262 2 65 49
263 1 94
264 2 65 49
265 2 2 5
266 3 13 25 84
267 1 60
268 1 74
269 1 62
270 2 33 71
271 3 78 85 22
272 1 7
273 3 33 59 71
274 1 57
275 2 30 45
276 3 21 28 31
277 2 12 74
278 2 65 49
279 2 12 74
280 2 73 71
281 2 88 37
282 3 40 52 70
283 1 52
284 3 54 34 4
285 1 75
286 1 74
287 1 74
288 1 57
289 1 66
290 2 90 89
291 1 32
292 2 43 44
293 1 57
294 1 60
295 4 27 48 14 91
296 2 30 35
297 3 13 25 84
298 1 75
299 1 52
300 4 27 48 14 91
301 1 60
302 1 8
303 1 8
304 3 77 1 76
305 1 51
306 1 75
307 1 43
308 1 53
309 2 88 37
310 3 54 68 19
311 2 26 11
312 1 57
313 1 52
314 1 51
315 1 94
316 3 82 74 81
317 3 21 28 31
318 1 29
319 1 52
320 1 8
321 3 21 28 31
322 1 75
323 2 15 23
324 1 8
325 1 60
326 1 92
327 1 23
328 2 87 67
329 1 7
330 2 30 45
331 1 74
332 1 94
333 1 57
334 1 93
335 1 7
336 1 20
337 2 87 67
338 1 12
339 1 60
340 1 7
341 2 25 13
342 2 12 74
343 3 80 41 63
344 2 65 49
345 1 20
346 2 20 39
347 1 20
348 1 52
349 2 10 24
350 3 54 68 19
351 1 8
352 1 8
353 1 60
354 3 13 25 84
355 3 10 24 38
356 1 26
357 4 47 50 83 64
358 1 8
359 2 15 23
360 1 94
361 1 74
362 3 80 41 63
363 1 61
364 1 60
365 1 26
366 3 21 28 31
367 3 13 25 84
368 1 60
369 2 30 35
370 1 57
371 1 60
372 1 66
373 2 73 71
374 2 69 51
375 1 66
376 1 57
377 3 77 1 76
378 1 66
379 3 13 25 84
380 1 92
381 1 26
382 1 92
383 1 51
384 3 33 59 71
385 1 46
386 2 51 87
387 3 78 85 22
388 2 55 6
389 2 18 16
390 1 94
391 1 23
392 2 87 67
393 1 94
394 1 57
395 2 33 71
396 1 57
397 3 77 1 76
398 1 75
399 1 52
400 1 60
401 2 88 37
402 2 65 49
403 1 8
404 2 79 89
405 3 80 41 63
406 1 93
407 1 52
408 2 87 67
409 1 26
410 1 8
411 3 13 25 84
412 2 56 9
413 2 69 51
414 3 10 24 38
415 1 32
416 2 26 11
417 2 65 49
418 1 74
419 3 13 25 84
420 3 54 34 4
421 3 54 68 19
422 2 51 87
423 2 74 81
424 3 54 34 4
425 2 65 49
426 3 10 24 38
427 1 20
428 1 8
429 1 60
430 1 74
431 1 51
432 3 13 25 84
433 2 69 51
434 1 23
435 1 57
436 1 20
437 1 43
438 1 26
439 1 60
440 2 87 67
441 1 8
442 1 24
443 1 29
444 1 93
445 3 82 74 81
446 2 15 23
447 1 57
448 2 20 39
449 1 20
450 1 94
451 2 2 5
452 1 74
453 1 20
454 2 2 5
455 2 65 49
456 2 36 35
457 3 78 85 22
458 1 86
459 1 75
460 1 60
461 1 7
462 1 93
463 1 24
464 1 53
465 1 7
466 2 88 37
467 1 29
468 3 77 1 76
469 1 20
470 1 20
471 4 47 50 83 64
472 1 7
473 1 57
474 3 54 68 19
475 1 75
476 1 7
477 1 61
478 3 40 52 70
479 1 7
480 2 12 74
481 2 65 49
482 2 69 51
483 1 8
484 2 30 45
485 1 26
486 1 75
487 2 88 37
488 4 27 48 14 91
489 4 27 48 14 91
490 2 15 23
491 1 57
492 1 74
493 3 80 41 63
494 2 90 89
495 1 23
496 4 47 50 83 64
497 3 54 68 19
498 1 20
499 3 54 34 4
500 3 10 24 38
501 1 94
502 1 7
503 1 61
504 3 54 68 19
505 1 20
506 1 51
507 1 20
508 2 88 37
509 1 51
510 2 62 60
511 1 60
512 1 75
513 2 43 44
514 1 32
515 2 88 37
516 1 26
517 1 62
518 1 75
519 2 26 11
520 1 93
521 1 60
522 1 51
523 1 46
524 1 66
525 1 20
526 1 75
527 1 60
528 1 20
529 2 75 42
530 3 21 28 31
531 1 94
532 1 93
533 1 94
534 2 18 16
535 1 7
536 1 7
537 2 90 52
538 2 88 37
539 4 47 50 83 64
540 2 18 16
541 1 75
542 1 7
543 2 18 16
544 1 7
545 1 61
546 1 8
547 3 21 28 31
548 1 24
549 2 30 35
550 1 8
551 1 94
552 1 75
553 1 7
554 1 75
555 1 92
556 3 13 25 84
557 1 60
558 1 92
559 1 74
560 1 8
561 3 33 59 71
562 4 27 48 14 91
563 2 88 37
564 1 75
565 1 23
566 1 7
567 3 13 25 84
568 1 20
569 1 39
570 3 77 1 76
571 2 15 23
572 3 78 85 22
573 2 88 37
574 3 80 41 63
575 1 61
576 2 20 39
577 1 20
578 1 75
579 1 8
580 1 8
581 2 56 9
582 3 21 28 31
583 2 20 39
584 1 32
585 3 2 5 53
586 2 15 23
587 2 73 71
588 1 92
589 1 94
590 1 60
591 1 20
592 3 21 28 31
593 4 27 48 14 91
594 3 78 85 22
595 3 21 28 31
596 2 87 67
597 1 24
598 2 55 6
599 3 77 1 76
600 4 47 50 83 64
601 3 13 25 84
602 1 7
603 2 26 11
604 1 46
605 3 78 85 22
606 2 56 9
607 1 61
608 1 92
609 1 23
610 1 93
611 1 51
612 1 46
613 1 7
614 2 43 44
615 1 8
616 3 80 41 63
617 1 57
618 2 90 89
619 1 57
620 2 18 16
621 1 92
622 1 92
623 1 52
624 1 53
625 1 92
626 1 92
627 1 8
628 2 74 81
629 1 60
630 3 77 1 76
631 1 26
632 2 69 51
633 1 57
634 1 52
635 1 7
636 2 18 16
637 3 78 85 22
638 2 78 85
639 1 7
640 1 7
641 1 46
642 1 74
643 1 75
644 2 62 60
645 1 60
646 1 20
647 2 88 37
648 3 13 25 84
649 1 61
650 2 18 16
651 3 78 85 22
652 1 92
653 1 94
654 1 20
655 2 33 71
656 1 57
657 1 92
658 3 78 85 22
659 1 52
660 1 92
661 1 46
662 1 46
663 1 75
664 1 8
665 1 7
666 4 27 48 14 91
667 1 61
668 1 57
669 3 21 28 31
670 1 46
671 1 92
672 1 20
673 1 60
674 3 82 74 81
675 1 92
676 4 47 50 83 64
677 1 58
678 1 20
679 1 32
680 3 82 74 81
681 1 94
682 1 20
683 1 52
684 1 7
685 1 93
686 1 92
687 1 7
688 1 20
689 4 47 50 83 64
690 1 7
691 2 18 16
692 1 23
693 1 7
694 3 13 25 84
695 1 58
696 3 82 74 81
697 2 65 49
698 2 18 16
699 2 75 42
700 1 93
701 1 92
702 1 7
703 1 86
704 3 77 1 76
705 1 75
706 1 92
707 1 43
708 2 12 74
709 1 93
710 2 15 23
711 2 65 49
712 1 74
713 1 92
714 1 53
715 2 56 9
716 1 92
717 1 61
718 2 56 9
719 2 75 72
720 1 53
721 1 23
722 3 13 25 84
723 2 88 37
724 1 52
725 2 20 39
726 1 57
727 1 3
728 3 10 24 38
729 1 20
730 1 66
731 3 78 85 22
732 1 75
733 1 75
734 1 20
735 3 21 28 31
736 1 33
737 2 36 35
738 1 57
739 2 75 72
740 2 15 23
741 1 43
742 1 93
743 1 7
744 1 46
745 1 92
746 1 92
747 1 92
748 1 58
749 1 75
750 1 75
751 1 51
752 1 92
753 1 66
754 3 13 25 84
755 1 46
756 1 60
757 1 52
758 2 30 45
759 1 92
760 1 7
761 2 75 42
762 1 7
763 2 33 71
764 3 82 74 81
765 1 92
766 2 20 39
767 1 94
768 1 94
769 1 20
770 1 7
771 3 10 24 38
772 2 36 35
773 2 18 16
774 2 43 44
775 1 94
776 2 10 24
777 1 23
778 1 75
779 1 75
780 4 47 50 83 64
781 1 51
782 1 46
783 2 51 87
784 1 57
785 1 7
786 2 75 72
787 1 26
788 1 66
789 2 15 23
790 3 77 1 76
791 1 8
792 3 80 41 63
793 1 8
794 1 92
795 2 65 49
796 1 20
797 1 60
798 3 78 85 22
799 2 69 51
800 2 15 23
801 3 10 24 38
802 1 20
803 2 20 39
804 1 20
805 1 20
806 1 92
807 1 7
808 1 92
809 1 92
810 1 7
811 1 66
812 2 10 24
813 1 94
814 3 80 41 63
815 1 74
816 2 12 74
817 1 7
818 1 8
819 1 60
820 1 8
821 2 87 67
822 2 43 44
823 2 30 45
824 1 66
825 1 53
826 2 15 23
827 1 7
828 1 23
829 3 10 24 38
830 1 20
831 3 77 1 76
832 3 10 24 38
833 1 93
834 1 20
835 1 60
836 1 57
837 1 58
838 1 61
839 1 8
840 1 8
841 1 23
842 1 52
843 1 29
844 1 26
845 1 66
846 2 74 81
847 1 20
848 1 29
849 2 20 39
850 1 24
851 2 56 9
852 1 23
853 1 66
854 1 46
855 1 20
856 1 43
857 2 36 35
858 1 57
859 2 56 9
860 1 52
861 2 30 35
862 2 18 16
863 4 27 48 14 91
864 1 26
865 1 52
866 1 74
867 2 10 24
868 1 66
869 1 60
870 4 47 50 83 64
871 1 57
872 1 66
873 1 57
874 3 10 24 38
875 1 23
876 2 2 5
877 1 92
878 2 30 45
879 1 7
880 2 10 24
881 1 60
882 1 94
883 1 74
884 1 20
885 2 20 39
886 1 7
887 3 10 24 38
888 2 43 44
889 1 7
890 2 26 11
891 1 57
892 1 94
893 3 78 85 22
894 2 18 16
895 1 51
896 1 8
897 1 52
898 1 26
899 2 65 49
900 1 66
901 1 86
902 3 10 24 38
903 2 90 89
904 1 66
905 2 30 35
906 1 93
907 1 8
908 2 51 87
909 3 77 1 76
910 3 13 25 84
911 1 7
912 2 30 35
